2.915808975974739869e+00
2.916077029609128957e+00
2.917609204505839049e+00
2.938044036562788452e+00
2.941705109515157623e+00
2.946224766877137302e+00
2.946932484414764630e+00
2.958059563761324728e+00
2.974197658172466507e+00
2.976105126448167493e+00
2.982677880526888536e+00
2.984177534382093544e+00
2.991277612638041372e+00
3.005665313459812804e+00
3.014847892001844443e+00
3.024185836651174242e+00
3.033373188691934175e+00
3.034480870714684642e+00
3.038862034160738190e+00
3.041381552286404055e+00
3.042291884284928027e+00
3.046836032781948589e+00
3.047814828972284396e+00
3.054881919001654733e+00
3.064467919386502093e+00
3.066041015965896843e+00
3.066803424310009962e+00
3.069239924118600360e+00
3.083294928420214909e+00
3.087974158300866634e+00
3.088708492563953634e+00
3.089161553623752443e+00
3.095147801828644685e+00
3.100169818045501291e+00
3.105453923311883191e+00
3.109944051965590983e+00
3.110070411384622702e+00
3.114793071243657785e+00
3.121236951033452112e+00
3.122984346762798680e+00
3.126100507965094089e+00
3.131312876045462712e+00
3.134524627958737319e+00
3.137233703558769626e+00
3.139724737600151805e+00
3.140068554626319841e+00
3.141087988594348346e+00
3.150105009495432817e+00
3.151353229937170042e+00
3.154359772390594951e+00
3.157396722705785308e+00
3.158330357866526938e+00
3.160464550128173844e+00
3.168090720558195628e+00
3.168468901206171751e+00
3.168763264435981775e+00
3.169841136756589961e+00
3.169942946298299091e+00
3.170531362171329359e+00
3.183511727278778292e+00
3.194749537880765100e+00
3.198063644587363363e+00
3.198982826736524121e+00
3.202997368047880489e+00
3.209703818266314457e+00
3.211714647454261495e+00
3.213493264386740211e+00
3.213876238485313674e+00
3.216303513406225001e+00
3.216579918808564642e+00
3.219296135498442180e+00
3.222771920672663715e+00
3.223710677945720526e+00
3.225189316721566168e+00
3.226040167898913680e+00
3.235979451006141705e+00
3.242047436708335173e+00
3.242056005430632215e+00
3.246440673506028496e+00
3.257373638055254261e+00
3.259858552699964385e+00
3.261292599427082273e+00
3.261718439150619098e+00
3.265392167178446048e+00
3.266599116985215989e+00
3.269528531115913683e+00
3.274243664685791089e+00
3.275456583995887794e+00
3.278565749251886707e+00
3.281053466248001094e+00
3.283263304261155202e+00
3.285328488808519687e+00
3.286764777082217481e+00
3.287134054963946284e+00
3.294036706896182665e+00
3.300851226536492877e+00
3.305307003588991765e+00
3.305494498272656845e+00
3.307331292025639247e+00
3.307696477694341830e+00
3.308990075836236500e+00
3.310941788732453261e+00
3.311545188570253373e+00
3.313168805637171754e+00
3.320222409588446943e+00
3.320825393062992514e+00
3.326012362017106483e+00
3.328755301793459687e+00
3.332467319470597378e+00
3.332783289523445713e+00
3.333718882303192022e+00
3.336335390224451913e+00
3.338074535388452446e+00
3.338405519805703658e+00
3.341825896045539590e+00
3.342024819325853713e+00
3.342197791230516302e+00
3.344656045802925526e+00
3.344793620020388047e+00
3.346277123640516660e+00
3.346646993187682995e+00
3.353281903738877023e+00
3.357127684578902649e+00
3.359804114622306326e+00
3.361501878449284053e+00
3.367954807073402446e+00
3.368070057860391930e+00
3.369737959936045080e+00
3.371304581433441694e+00
3.372220999564460531e+00
3.375305221319179871e+00
3.385739778941927458e+00
3.387831852294221235e+00
3.392270580331545826e+00
3.392886641896909250e+00
3.393494315655345428e+00
3.394176672078569545e+00
3.395100235120479315e+00
3.396762404145976522e+00
3.397461385975126369e+00
3.401252744111679771e+00
3.405489606217324106e+00
3.405988263797538718e+00
3.413009306789484665e+00
3.413644404319678749e+00
3.414541492829656466e+00
3.414703705840786085e+00
3.418498965609936491e+00
3.423842178631590460e+00
3.424882760297207618e+00
3.427310402775883613e+00
3.427431693653546496e+00
3.427716756644045404e+00
3.438196575680114275e+00
3.438496393076063917e+00
3.440243314870116809e+00
3.446417209967487238e+00
3.451088585685566645e+00
3.451311016952649524e+00
3.452011336350618187e+00
3.452709015565110562e+00
3.452846808529608236e+00
3.453737021673149776e+00
3.456556783357550344e+00
3.456744545735216612e+00
3.457984613558399367e+00
3.460146772566971674e+00
3.460947277022332624e+00
3.460960775668222578e+00
3.462668608090336608e+00
3.463469546468421978e+00
3.464982386337381648e+00
3.465908063536778716e+00
3.466731022637337567e+00
3.467706808660744766e+00
3.468216849390036938e+00
3.469194431223546538e+00
3.472443927193237467e+00
3.473620831280008314e+00
3.474449909184619489e+00
3.476930822751219008e+00
3.478744870617823892e+00
3.478779675734512633e+00
3.481328764607786397e+00
3.482708566932574357e+00
3.483875432926967441e+00
3.489862082064098203e+00
3.490761019292424105e+00
3.491803385786358849e+00
3.492767252547578138e+00
3.493413040813918347e+00
3.493753508519619633e+00
3.493824970842326572e+00
3.496203919991085041e+00
3.496971733208514177e+00
3.497159355044392015e+00
3.502739832211161808e+00
3.502980057279662773e+00
3.504188058861753330e+00
3.504412865464187288e+00
3.504922992529708736e+00
3.508222029215649851e+00
3.509145627644987719e+00
3.509746917089859863e+00
3.509982103254287278e+00
3.510036237698775263e+00
3.510842720802040517e+00
3.514855826225051771e+00
3.517277154583943855e+00
3.517849595816147978e+00
3.518636296756491255e+00
3.519215846582138596e+00
3.519391282092238171e+00
3.519554146424917818e+00
3.526167270974583712e+00
3.526833244746532703e+00
3.527249160506678471e+00
3.531338949410542050e+00
3.531569751263042178e+00
3.536802825197377764e+00
3.537791585460591026e+00
3.537972491949401554e+00
3.538210706002451023e+00
3.539774239920995047e+00
3.540203555384894951e+00
3.543170898611120556e+00
3.543900510763073886e+00
3.544250265649885989e+00
3.544863745810521660e+00
3.544886944023846187e+00
3.545640639771950209e+00
3.545924244563117167e+00
3.557549923048164864e+00
3.558493551448370429e+00
3.564384402566932675e+00
3.565289095788472640e+00
3.567666870644479626e+00
3.568140927570025323e+00
3.570356762443815946e+00
3.572787801940694674e+00
3.575871250886427877e+00
3.578541574896378474e+00
3.580597134324214004e+00
3.582949813831963759e+00
3.584239022691178000e+00
3.585486933594225878e+00
3.586100713930024053e+00
3.586257455459056942e+00
3.587359814671950087e+00
3.590508338351787732e+00
3.591709406019803374e+00
3.592245401621314116e+00
3.592874636513616604e+00
3.593467576966165034e+00
3.596784250368135982e+00
3.598316636773130295e+00
3.600379549697969139e+00
3.600979027665918597e+00
3.602949298389712229e+00
3.603977142256750366e+00
3.608702619813154655e+00
3.624383975480248488e+00
3.628631907259218359e+00
3.633247119473482556e+00
3.633692866290385570e+00
3.633994431436987416e+00
3.636224146156654680e+00
3.636850375839052685e+00
3.637472466664690263e+00
3.638302005945986739e+00
3.638508593231340793e+00
3.639773056000030760e+00
3.640250055622283654e+00
3.640733770469867459e+00
3.641050970942396603e+00
3.644750826264657295e+00
3.647600302779133941e+00
3.648566268947205593e+00
3.651239282084831839e+00
3.651592801519727427e+00
3.651711742813033457e+00
3.655284273043744481e+00
3.655585282874429520e+00
3.659344290383844900e+00
3.663082186237264892e+00
3.664109794595874714e+00
3.666207116520217024e+00
3.666256590405814197e+00
3.666808126115024269e+00
3.668801337136418983e+00
3.668854565739152918e+00
3.672493505138082259e+00
3.673447624837407499e+00
3.674174177278847875e+00
3.674372980923484633e+00
3.675391490065678113e+00
3.678019785228785032e+00
3.679820205133644606e+00
3.681101342719997671e+00
3.681309277756156018e+00
3.684216509025151964e+00
3.685948837182894788e+00
3.686109252826179628e+00
3.689078399455469004e+00
3.690246598561029323e+00
3.691476054037709620e+00
3.691664047323380160e+00
3.692808942195416222e+00
3.695165543817992670e+00
3.695595853361073768e+00
3.700082930242157175e+00
3.700730734889156714e+00
3.702032640677047848e+00
3.705548955729404792e+00
3.705673978252657097e+00
3.706206494654565198e+00
3.706369819150555411e+00
3.708427906416997377e+00
3.712822381880734657e+00
3.715338751426732422e+00
3.715910107330834489e+00
3.716005845373206107e+00
3.717180490589550246e+00
3.717447433617259822e+00
3.720082451487547903e+00
3.722334123843598519e+00
3.725849906550829704e+00
3.727112653278783050e+00
3.728347038884140652e+00
3.729526711771641079e+00
3.730798163840145509e+00
3.731024820813020781e+00
3.731428340406107491e+00
3.731732557443887099e+00
3.731946101082058043e+00
3.734808689360216150e+00
3.737274095481354586e+00
3.737528576231547106e+00
3.737744666697758955e+00
3.738221095974286534e+00
3.738389477251362170e+00
3.739813313463419053e+00
3.740337202886981682e+00
3.740998427836635276e+00
3.742007398802446705e+00
3.742915987434992431e+00
3.747208491443319467e+00
3.749388043026589123e+00
3.750769920837625282e+00
3.751245929954890812e+00
3.751570641293715536e+00
3.752652203011510146e+00
3.752769020092755259e+00
3.755928269741178216e+00
3.757009141962635024e+00
3.759881042994435596e+00
3.761381060169511681e+00
3.761520767755245576e+00
3.764049019056879608e+00
3.767903865399987673e+00
3.768269949647854666e+00
3.769338225640735285e+00
3.771134234150345765e+00
3.772549757739264820e+00
3.773157263105442194e+00
3.773297948426831638e+00
3.774361366726525446e+00
3.775417790991141054e+00
3.777706826096876025e+00
3.778401745365633335e+00
3.784307513015323199e+00
3.784697634675349587e+00
3.784775536903152826e+00
3.787334881122684571e+00
3.788879886997857938e+00
3.788943506467627564e+00
3.790916961877946356e+00
3.791370133388696662e+00
3.792343259500537300e+00
3.793501243379107990e+00
3.800791436999918727e+00
3.801232480656641766e+00
3.801439838353627643e+00
3.802170347221728086e+00
3.804727655804561959e+00
3.808451360473759983e+00
3.808741111426981352e+00
3.809275464034258096e+00
3.809667103078905548e+00
3.810235484632089165e+00
3.810355702837425085e+00
3.811606564100564309e+00
3.814739557714445173e+00
3.815272934215025558e+00
3.817048722297202268e+00
3.820294767131446889e+00
3.820407661788665976e+00
3.820956750199785645e+00
3.821538257168423769e+00
3.822815136715857154e+00
3.823910475363647254e+00
3.823981681848960257e+00
3.824428347256745742e+00
3.824842778241330343e+00
3.826620493722029615e+00
3.830820638638170017e+00
3.835319678168522817e+00
3.835331618933747855e+00
3.835427949005394854e+00
3.836288038724882998e+00
3.839311011866660905e+00
3.839679264150190008e+00
3.839741175554304053e+00
3.840939291727777594e+00
3.842206158101765912e+00
3.846912570937697229e+00
3.848009983026832614e+00
3.848962666378739073e+00
3.849310448927101724e+00
3.849372639039268407e+00
3.850337660204361079e+00
3.854785777971073912e+00
3.855908794362701730e+00
3.856563356561517608e+00
3.858256684716026008e+00
3.858548108255205111e+00
3.858783267568392628e+00
3.860349436276425017e+00
3.866905517251470581e+00
3.868390982912635945e+00
3.871186320103904066e+00
3.872007533680211111e+00
3.873307795682079835e+00
3.875063697573839949e+00
3.875737465291147377e+00
3.877433995944840284e+00
3.878888312301360219e+00
3.879988702449566063e+00
3.881027989654665333e+00
3.881739773674514726e+00
3.881953598187898979e+00
3.881984735304537804e+00
3.882322793024380658e+00
3.882329912197087118e+00
3.883152864456103082e+00
3.883662078952196062e+00
3.883751142883883567e+00
3.885949801453068897e+00
3.887499790036307079e+00
3.891300841715265246e+00
3.891564602912298554e+00
3.891922293093800445e+00
3.892391425175156350e+00
3.895403792968674672e+00
3.896033818239276414e+00
3.898573282677288976e+00
3.899797940409246433e+00
3.900071311192375934e+00
3.900787964870319424e+00
3.901356253944960439e+00
3.904566187012184386e+00
3.906647448695184988e+00
3.908319002926307739e+00
3.908567031309833517e+00
3.909433657107899585e+00
3.910838036959233044e+00
3.912566345187707295e+00
3.915202097483176935e+00
3.915934331004933266e+00
3.917968067432474388e+00
3.922022876821335657e+00
3.924440523714534113e+00
3.926494905680952385e+00
3.927687379293283154e+00
3.928295833144654470e+00
3.929902835674838446e+00
3.932229516248999079e+00
3.932897077948703579e+00
3.933559443702024261e+00
3.934365136940895624e+00
3.934686052596907846e+00
3.935618786751608145e+00
3.937954558389343607e+00
3.938018518811395197e+00
3.942003795480766293e+00
3.942525206907550928e+00
3.944551618835065998e+00
3.945620125748634521e+00
3.945810383151861167e+00
3.946980032091326418e+00
3.951014493136957739e+00
3.953756517938235238e+00
3.956515185027897896e+00
3.956994567397992046e+00
3.957260371576695412e+00
3.957346987663333593e+00
3.958580647800819641e+00
3.959568931920104617e+00
3.961793054012386239e+00
3.962434569982799637e+00
3.962646920249816684e+00
3.965141888677179427e+00
3.965168291041729631e+00
3.967361097153438543e+00
3.967859218217671291e+00
3.968301064620555429e+00
3.969629260427232964e+00
3.971216384919427966e+00
3.971824150990630464e+00
3.976579075722487921e+00
3.978684021807282978e+00
3.981364625353316811e+00
3.983764904982261434e+00
3.984240407800063721e+00
3.985996827275435361e+00
3.986167834434741319e+00
3.989117832748002357e+00
3.990004949312189630e+00
3.991841120589447289e+00
3.992544908275715621e+00
3.992628080766822407e+00
3.994342633675935783e+00
3.996559747942793450e+00
3.997774685552234253e+00
3.997838115524747771e+00
3.998844720994522817e+00
3.999739473587317740e+00
4.002166815021852564e+00
4.003161770018244248e+00
4.004476243525810553e+00
4.004925305889183385e+00
4.007927264155335401e+00
4.008097915735114647e+00
4.008860207539555631e+00
4.009330099791636570e+00
4.011973873681591307e+00
4.012155952232721035e+00
4.012204809934698524e+00
4.012295577315784456e+00
4.013076626050423812e+00
4.013919739132421505e+00
4.014255764545794136e+00
4.014384442879090464e+00
4.015995029910729208e+00
4.017122623248309488e+00
4.017154170374867661e+00
4.018218862344094866e+00
4.018693020042687358e+00
4.019815339569110968e+00
4.019922850282141802e+00
4.021063317154800032e+00
4.021594805131835315e+00
4.023437550511197891e+00
4.024358817253160581e+00
4.026523785953295409e+00
4.027458586098799032e+00
4.027695167504570684e+00
4.033413934139011836e+00
4.033719081299252274e+00
4.034560028935889164e+00
4.036366748787724390e+00
4.037876779998000210e+00
4.039937169498358571e+00
4.040830105179477272e+00
4.041551073319639364e+00
4.042596112552248933e+00
4.042632300123769618e+00
4.042973499629934686e+00
4.046962508632402589e+00
4.047194964440632425e+00
4.047289422542611703e+00
4.047418689684704418e+00
4.047681748138372448e+00
4.051143648806366571e+00
4.053953874785144684e+00
4.059383795417075724e+00
4.064945593337629504e+00
4.064991391315812663e+00
4.069879871665413873e+00
4.070743129464365673e+00
4.072087419817220777e+00
4.072179936489256136e+00
4.072553256285655010e+00
4.074101685677693929e+00
4.077071824257203048e+00
4.077301334789101617e+00
4.077512873926789183e+00
4.079435356493734233e+00
4.081481782516888757e+00
4.082290930272762353e+00
4.083072768344233161e+00
4.083446055119419604e+00
4.086495358525747079e+00
4.087910896925447624e+00
4.088983847620105472e+00
4.089288851321813745e+00
4.089938574964261164e+00
4.090727555219452860e+00
4.091028854107206847e+00
4.094351030669118430e+00
4.094392557897603702e+00
4.096750320243615739e+00
4.100144233740246946e+00
4.101990998419750234e+00
4.104070452078936171e+00
4.104179067821020155e+00
4.104760047729010708e+00
4.105515696886551602e+00
4.108448938655151927e+00
4.109986008638436772e+00
4.110165350099907577e+00
4.113183235884815936e+00
4.113889800123084584e+00
4.114034106500160881e+00
4.114673325027736972e+00
4.114713915949865353e+00
4.115274147007756511e+00
4.117300656709680595e+00
4.117357539276392586e+00
4.118101572911794683e+00
4.120082656602487958e+00
4.121864769117762783e+00
4.122475794506968327e+00
4.122938284560246913e+00
4.124782562399558650e+00
4.128854013225616626e+00
4.129785241933435103e+00
4.130078441458684857e+00
4.131215740075852239e+00
4.131453132180774368e+00
4.132083378844055410e+00
4.134320184349855154e+00
4.134852498493103212e+00
4.136374598225836863e+00
4.137361859032332667e+00
4.137745926899228266e+00
4.138617014944030892e+00
4.141170884274429476e+00
4.143307483611229358e+00
4.147152863382830290e+00
4.147206400706212825e+00
4.147962095740394872e+00
4.149338556693378699e+00
4.149581185963057806e+00
4.150451186821497274e+00
4.151947605640836869e+00
4.155241932855186171e+00
4.156536719141449510e+00
4.161488676981906387e+00
4.162467650376737716e+00
4.162603047010197344e+00
4.164999314802672714e+00
4.166295531206326785e+00
4.170242564831537102e+00
4.173084379210665773e+00
4.173626970915643497e+00
4.182791813941215686e+00
4.185102770197211441e+00
4.185224380171121084e+00
4.186152424168276376e+00
4.186213640405165748e+00
4.189599913621955274e+00
4.189810410571478627e+00
4.191385277660387487e+00
4.197083340124059703e+00
4.197922687010693821e+00
4.198541990731848195e+00
4.204268201003717564e+00
4.205494617595850748e+00
4.207456662125272473e+00
4.208018821388603392e+00
4.214565735332180374e+00
4.216309525637377043e+00
4.218847026411444823e+00
4.219779414543981311e+00
4.219912781143779767e+00
4.222734746156772800e+00
4.224144161861841162e+00
4.224337549668489622e+00
4.224520202827964255e+00
4.227834031012868365e+00
4.228057731323437096e+00
4.231753515492640894e+00
4.232212961459135059e+00
4.233543289838669565e+00
4.234551718080861171e+00
4.238638094206661933e+00
4.244235223674483137e+00
4.246830413883362354e+00
4.249510957286829260e+00
4.250494507824147838e+00
4.252424008938810118e+00
4.252477376889103766e+00
4.253055470175533870e+00
4.253635410873615186e+00
4.254774512656428698e+00
4.254832368572072809e+00
4.257206113375529455e+00
4.258939680798062177e+00
4.260017783656537382e+00
4.261275456133721384e+00
4.261650496759161300e+00
4.263529710714107246e+00
4.264915461074840763e+00
4.266548588498578987e+00
4.267240060723127115e+00
4.267602971659760769e+00
4.268429804228293989e+00
4.269283400713088206e+00
4.271722503614871158e+00
4.277249632834164039e+00
4.278572021220679922e+00
4.278929724355799102e+00
4.279151307921610581e+00
4.279816749302152168e+00
4.281057498183904464e+00
4.285186363885816974e+00
4.285238707596026764e+00
4.286723025798116815e+00
4.286882705775282076e+00
4.287499699642546958e+00
4.289045970011951425e+00
4.289130712574833026e+00
4.291889533017947400e+00
4.292715321339466428e+00
4.292750628271025271e+00
4.297327410197478770e+00
4.297455114507239493e+00
4.300099982820441369e+00
4.303513942184493679e+00
4.304042352436121988e+00
4.307656453230491955e+00
4.311614596620757744e+00
4.312689351949828165e+00
4.314518854621832489e+00
4.314579130983765332e+00
4.317429637200691950e+00
4.318818900213453382e+00
4.322183541875086021e+00
4.323926859243356624e+00
4.325589254566071240e+00
4.326254805640754597e+00
4.326856132680489964e+00
4.328281254387061239e+00
4.329185904277940367e+00
4.329979231413941143e+00
4.330554079751631313e+00
4.334890161828806043e+00
4.335690739447272790e+00
4.341008492605133107e+00
4.341282549171629590e+00
4.343048300042448240e+00
4.346244501695829321e+00
4.347733752532404239e+00
4.348296063961876179e+00
4.350101538319664840e+00
4.350505982858735798e+00
4.351683177763210786e+00
4.352736815837905837e+00
4.354913994478771144e+00
4.356222366484557185e+00
4.356779783434773456e+00
4.357964203627601840e+00
4.358088874933096157e+00
4.366709068534274429e+00
4.367726469479489282e+00
4.369160291972874255e+00
4.370613464707004070e+00
4.372949939251927987e+00
4.375725477021019216e+00
4.377268995769351356e+00
4.379650935977720927e+00
4.381379081725165214e+00
4.382835321279764607e+00
4.383097353869512602e+00
4.389174761656644996e+00
4.391548815326702382e+00
4.393300964366186889e+00
4.393625563050966853e+00
4.395301447972184583e+00
4.396738521827662005e+00
4.397638460481267053e+00
4.398276309584172594e+00
4.399832669538556118e+00
4.404058445433472357e+00
4.404872864916089981e+00
4.406611906152765989e+00
4.407126587644271787e+00
4.407146972571702292e+00
4.408540802671188530e+00
4.409442891920138941e+00
4.411860572794456203e+00
4.412059825641702737e+00
4.412460789523035665e+00
4.415118860442492910e+00
4.419927539037105113e+00
4.420354548107788162e+00
4.420377124936395674e+00
4.420614622884446732e+00
4.422724234205470673e+00
4.423260967942356459e+00
4.423707225524714737e+00
4.425039526033271997e+00
4.425553209593394044e+00
4.426004562096816919e+00
4.435178196700279685e+00
4.435993336088034589e+00
4.439493648059808173e+00
4.439926833435640319e+00
4.440642522640552592e+00
4.441218451258721167e+00
4.446117950813758490e+00
4.446199640643398787e+00
4.447203537089072789e+00
4.447377668475590795e+00
4.450768823132126073e+00
4.451066404187328907e+00
4.452570072723830208e+00
4.452840880793287326e+00
4.453843254074926428e+00
4.454309977725531944e+00
4.457712620907897438e+00
4.464375576778608412e+00
4.466945556524549055e+00
4.470261846294099506e+00
4.470639380385501127e+00
4.472387568431564375e+00
4.473325228080431870e+00
4.474476279062526096e+00
4.475082924931101935e+00
4.477765352827713485e+00
4.479321137368986072e+00
4.483767834822338649e+00
4.485551143857080980e+00
4.488097013205190500e+00
4.493094382857060864e+00
4.496528986235811765e+00
4.496618933535560636e+00
4.500253256500023724e+00
4.501429791445323403e+00
4.502501785492357911e+00
4.502990571479490889e+00
4.503811675015442439e+00
4.504692332850473768e+00
4.504989870327237966e+00
4.505337316455285901e+00
4.509068374684851221e+00
4.510518523862089957e+00
4.517754912222635255e+00
4.521565786682647747e+00
4.523915810654820291e+00
4.524098689953389041e+00
4.527245965618474699e+00
4.530105051545155526e+00
4.530257258492955685e+00
4.531513705709355300e+00
4.532148464136994015e+00
4.536335700642478486e+00
4.537483587808911700e+00
4.538137799120931071e+00
4.538340587756058753e+00
4.538990114150995403e+00
4.540138254031930387e+00
4.540951381152740218e+00
4.541917548782293146e+00
4.545457197474957134e+00
4.546613239140228302e+00
4.548919307886123420e+00
4.550864143070163514e+00
4.551748365980627931e+00
4.552276900970149143e+00
4.560501957355476144e+00
4.561206179145544937e+00
4.561293587449425146e+00
4.562315966268766232e+00
4.564994583391778882e+00
4.565041646121883900e+00
4.567120921944153089e+00
4.567326663099923856e+00
4.573189728267623266e+00
4.573975987394189424e+00
4.574456227529030805e+00
4.576878293640676887e+00
4.579298223338754248e+00
4.580343132687562324e+00
4.582640693056428738e+00
4.584768923983144617e+00
4.585238977209849409e+00
4.588339219811042646e+00
4.588857436987711758e+00
4.592197674499237436e+00
4.592753840246016850e+00
4.594925145512144482e+00
4.595563569270856519e+00
4.595985122504181675e+00
4.596979389631155932e+00
4.600951962657840788e+00
4.604838971519754409e+00
4.605022894777907716e+00
4.605083616609578989e+00
4.605294669143767727e+00
4.608206425233814407e+00
4.612918013474695655e+00
4.622447702563059480e+00
4.623201059706501859e+00
4.623657929044778570e+00
4.624463822273011004e+00
4.630138361601112251e+00
4.631476608248116911e+00
4.634508966472270508e+00
4.635307343932384860e+00
4.638942315658786342e+00
4.640301334159263824e+00
4.642957699757514156e+00
4.645070121442789635e+00
4.645378450994154029e+00
4.645660158788810001e+00
4.645921771528816357e+00
4.646145954056943417e+00
4.648399480847076326e+00
4.649554302393420713e+00
4.650134372086237811e+00
4.653000933276148388e+00
4.655294799322809318e+00
4.655333195449929740e+00
4.655349939049977515e+00
4.662731084224050804e+00
4.662850920443634806e+00
4.663838957089703641e+00
4.664194002367517911e+00
4.669264505954640043e+00
4.670626600365113568e+00
4.672091492308601879e+00
4.672315199826471144e+00
4.672415039875324361e+00
4.673480968721664297e+00
4.675586676915060025e+00
4.677247293544363416e+00
4.678971794624617431e+00
4.679346221315046073e+00
4.682174684320437485e+00
4.685667303965656671e+00
4.694900273767313337e+00
4.697057388105327469e+00
4.697783318083851078e+00
4.700156792706439823e+00
4.704970511304903624e+00
4.705750339870319543e+00
4.707436810418829332e+00
4.710453354658052483e+00
4.710579582884459882e+00
4.711847042864627078e+00
4.715489433506967920e+00
4.716233741145519964e+00
4.717903531645796456e+00
4.720835206973585940e+00
4.725498463475695132e+00
4.734973891274468549e+00
4.735388211647886259e+00
4.739171190439443571e+00
4.740071454480984769e+00
4.743757094405137487e+00
4.747645508599839026e+00
4.749601110249263236e+00
4.760092142009601623e+00
4.760245023026021371e+00
4.761729749605625450e+00
4.765703820535206248e+00
4.767143796683813051e+00
4.768045969506595760e+00
4.769929839275197203e+00
4.774642892370745351e+00
4.777011381105763732e+00
4.777162768688688388e+00
4.777546095597532627e+00
4.780870341155381453e+00
4.781777438411870307e+00
4.782501740088773268e+00
4.783093528495228952e+00
4.783367080144144801e+00
4.783553624110538749e+00
4.784052429865186085e+00
4.784292974541322963e+00
4.784375129871641263e+00
4.784992437811980359e+00
4.786580883946198739e+00
4.787330149865712592e+00
4.799582453145369243e+00
4.803478042596048603e+00
4.804151272522431348e+00
4.810681486584394762e+00
4.811419210989795303e+00
4.812978735115205353e+00
4.821734268722019934e+00
4.832002745487008255e+00
4.838699182773533281e+00
4.842286282573386558e+00
4.844079661371512024e+00
4.847308815109228064e+00
4.847654413183302147e+00
4.850929224825845765e+00
4.858693235965009016e+00
4.860242060791947871e+00
4.861764959780448869e+00
4.862027451354041574e+00
4.864796213971299466e+00
4.873306930549246019e+00
4.876154642615803780e+00
4.878431942237694052e+00
4.879176723662421722e+00
4.879265937313533641e+00
4.880232362183763328e+00
4.884064160826325107e+00
4.889329031718332885e+00
4.892207951235381103e+00
4.893067706291539309e+00
4.896553489417994953e+00
4.899412485703939169e+00
4.901075548550777761e+00
4.902029619680627448e+00
4.903015875936755030e+00
4.903502153515443496e+00
4.907175947872795874e+00
4.907551654687316578e+00
4.907740063748222248e+00
4.908004849980406092e+00
4.910081799619398168e+00
4.911942730189583273e+00
4.913484419405440562e+00
4.913715856640533453e+00
4.916889922098329535e+00
4.918972557801451373e+00
4.919597286414768789e+00
4.921973810323504672e+00
4.922380480748040021e+00
4.923406360439601670e+00
4.927121420001073560e+00
4.928102054764594619e+00
4.931856614909816194e+00
4.932507239712737857e+00
4.933716847168482467e+00
4.934566408235069090e+00
4.934749488469548417e+00
4.936869425870267669e+00
4.941268028943618162e+00
4.944389038524714231e+00
4.944811694330777385e+00
4.945572967597873237e+00
4.947767544717639687e+00
4.949942701923214727e+00
4.950802185893453000e+00
4.957587019367514003e+00
4.959544869339774564e+00
4.976337040575194770e+00
4.981819843472973020e+00
4.984103808929207347e+00
4.984888197206828409e+00
4.998585836618659073e+00
4.999026367854514596e+00
5.001427615154488748e+00
5.003985733425614590e+00
5.006214514218731537e+00
5.007157384513954312e+00
5.008167206421828332e+00
5.008354892269647252e+00
5.008921116088751013e+00
5.012869202826367498e+00
5.014031991426781687e+00
5.017465095293093924e+00
5.030967342982722634e+00
5.034859842264116203e+00
5.035837004929195615e+00
5.037505974156307964e+00
5.041065912299256269e+00
5.041323549224313361e+00
5.044177009636097608e+00
5.047957232048442933e+00
5.049263945644906215e+00
5.057640202235647919e+00
5.061964606688812651e+00
5.062119212583045424e+00
5.062740627630414991e+00
5.064687029234880455e+00
5.066693770806426578e+00
5.070051127552594572e+00
5.079787717479009146e+00
5.081046439710402929e+00
5.085266408883556188e+00
5.088232164786034240e+00
5.091922890690874226e+00
5.093283399723325999e+00
5.096002300572006760e+00
5.100263905543086729e+00
5.103615904408893122e+00
5.104397964257541886e+00
5.106211235765549361e+00
5.108663609596656663e+00
5.109106455320864271e+00
5.114517020916241385e+00
5.117325585075081840e+00
5.123331997149647599e+00
5.125425822764957395e+00
5.134858075868186766e+00
5.144228826996059212e+00
5.151506374708009872e+00
5.152136844009233663e+00
5.155139030621373131e+00
5.159145882561744223e+00
5.162725176406542715e+00
5.169652158118874574e+00
5.169949801883048757e+00
5.170007809719352920e+00
5.171694514050754421e+00
5.179337250501865775e+00
5.180601774918293323e+00
5.181734751128237448e+00
5.183311884668873937e+00
5.183697660295270460e+00
5.185014694733417251e+00
5.188080186348959622e+00
5.188204453877609090e+00
5.196331749665724864e+00
5.198442082038327250e+00
5.199656967320173351e+00
5.199723429473809944e+00
5.202659125197473422e+00
5.203704326019492399e+00
5.205670915988787506e+00
5.215366834918962802e+00
5.215517003499516413e+00
5.228994794505095633e+00
5.231948090217133363e+00
5.236535493498793770e+00
5.238002653333185599e+00
5.244980809017008028e+00
5.245044346365979493e+00
5.246072591160533705e+00
5.250532295853370002e+00
5.250973439523942687e+00
5.253355924780694686e+00
5.254541212012261653e+00
5.256220820518875847e+00
5.259601163053124750e+00
5.260152582913565134e+00
5.260211716914230173e+00
5.261230622220858244e+00
5.267740644352168822e+00
5.268669958837500999e+00
5.270469853548412686e+00
5.279017859798263324e+00
5.279596682457090573e+00
5.281519552733294987e+00
5.283966749410681452e+00
5.291673833741395327e+00
5.294749779257189815e+00
5.296101654863408115e+00
5.296168602400916470e+00
5.297441100489966637e+00
5.299309592730716112e+00
5.300229063951165998e+00
5.300231246729976142e+00
5.305667878483718347e+00
5.306320178907503404e+00
5.308749505518734146e+00
5.314403763413702464e+00
5.317201744748021319e+00
5.317661143110383293e+00
5.321103679532948050e+00
5.321384158294099720e+00
5.321515563415773364e+00
5.325870826086878118e+00
5.327020871900030485e+00
5.329179322864764146e+00
5.332407913900342855e+00
5.337061248810006653e+00
5.337812234800080269e+00
5.344797203333334856e+00
5.354570868626193025e+00
5.361025760158232067e+00
5.361426546008497773e+00
5.363369845508485945e+00
5.368925496405497100e+00
5.374706824642077052e+00
5.375238273886985496e+00
5.382171862857040523e+00
5.383178014928468258e+00
5.384206191887440873e+00
5.385246113106193278e+00
5.389368726134823540e+00
5.392701822504475828e+00
5.400329981634691912e+00
5.413819439814758994e+00
5.422201883424550672e+00
5.424090104167468063e+00
5.426502078258260475e+00
5.431162816637555402e+00
5.432069798343995615e+00
5.436385596630043615e+00
5.438602053651626633e+00
5.442757670951682947e+00
5.450263526962825011e+00
5.453123852643724234e+00
5.453913022842480807e+00
5.458027656054287746e+00
5.458182932414589850e+00
5.472134043906176970e+00
5.472176481531407788e+00
5.473766109563500848e+00
5.474624807107105973e+00
5.475284416134007515e+00
5.475412491785450975e+00
5.485686972302223019e+00
5.487813399116625135e+00
5.497008142156341037e+00
5.503296931408073078e+00
5.505113996249098918e+00
5.506585714317957070e+00
5.507280848962952113e+00
5.510286674265424622e+00
5.510650330023106669e+00
5.511891032150538550e+00
5.519565515609338391e+00
5.525092403147420228e+00
5.528317471372383274e+00
5.531654527738854910e+00
5.538519177522278625e+00
5.542535421588222100e+00
5.544535120294136199e+00
5.550775686407031451e+00
5.551491278053488188e+00
