3.023871248955535940e+00
3.028091381750006139e+00
3.029032060178685981e+00
3.030438621537270283e+00
3.031251995254517162e+00
3.038113629314342035e+00
3.039513425042457140e+00
3.045574855939623404e+00
3.048240010208048023e+00
3.052093217908840916e+00
3.053219299013361532e+00
3.054970879957531249e+00
3.064402292500066238e+00
3.065187991088129227e+00
3.067141568855540346e+00
3.069994258772235085e+00
3.070637378812455687e+00
3.073560996163300363e+00
3.074289473053965160e+00
3.080771649363297726e+00
3.085598905732783948e+00
3.089641998533210199e+00
3.092688353611838359e+00
3.099700541984467428e+00
3.102894084119298235e+00
3.103272468763980552e+00
3.103814707334529910e+00
3.104670967256181857e+00
3.104815318151256776e+00
3.105586018452548114e+00
3.106228687631721108e+00
3.108141644161948935e+00
3.108511934893004369e+00
3.113717841135776876e+00
3.118570266846802497e+00
3.121580726046813581e+00
3.124746426531338717e+00
3.125424751337924967e+00
3.128108663572413572e+00
3.128510205408209011e+00
3.128944553134421103e+00
3.130000056108162898e+00
3.132298170488325706e+00
3.133237318930496951e+00
3.136794067598066782e+00
3.141374841311503019e+00
3.142696140639531510e+00
3.146305737563620752e+00
3.146683838280193157e+00
3.148424764651824415e+00
3.148816111166605758e+00
3.150404029709793274e+00
3.151292568870831090e+00
3.159059690095524786e+00
3.161158359846463206e+00
3.163621109458790936e+00
3.167899608987155613e+00
3.170216529406289840e+00
3.172847788230833910e+00
3.175418335814114812e+00
3.177781700688177224e+00
3.178204830226324606e+00
3.180274973555301532e+00
3.180573689730595621e+00
3.181809597287092117e+00
3.181876704051441962e+00
3.182841721793963075e+00
3.183142483656546062e+00
3.186075020531147217e+00
3.187135818609985627e+00
3.190072219733702141e+00
3.196564175506581673e+00
3.199651043862401512e+00
3.199876046884545300e+00
3.201219385161184317e+00
3.203156349839587413e+00
3.206361465153726886e+00
3.207132882628190629e+00
3.207240612258671408e+00
3.213301520201720773e+00
3.214838578141249847e+00
3.215459228762777677e+00
3.219119560099437116e+00
3.219339362618374611e+00
3.221122905253844593e+00
3.225328789705898203e+00
3.228868996705195560e+00
3.232968655598511543e+00
3.234403604830446533e+00
3.240158811645628578e+00
3.244725211028759659e+00
3.245279066319867844e+00
3.245800482555692756e+00
3.246316793124618183e+00
3.246605949886950615e+00
3.246723805530695284e+00
3.254398095432463389e+00
3.255881015038858628e+00
3.258099247161739154e+00
3.259054815807836736e+00
3.263758882099641490e+00
3.263799260437767469e+00
3.266633339132307690e+00
3.267860574191252532e+00
3.270213444881402420e+00
3.270611353686134315e+00
3.270845322343629125e+00
3.275997724674402090e+00
3.276634744529363985e+00
3.276653298248479285e+00
3.278885636060894448e+00
3.279548381613823782e+00
3.280204980271528292e+00
3.282514204870394359e+00
3.287703820674486188e+00
3.289450595222875862e+00
3.292405250692146623e+00
3.293564066933690082e+00
3.294427317930463950e+00
3.296623391743169762e+00
3.298317922840645178e+00
3.300399044238302881e+00
3.302270349910677361e+00
3.302975223834393237e+00
3.307073542925118570e+00
3.307445188854872153e+00
3.309607138164238460e+00
3.310284779913260422e+00
3.311342146299332434e+00
3.313670151069096903e+00
3.314234651408628274e+00
3.318582366856964505e+00
3.320746806657402406e+00
3.321500828921964299e+00
3.322880312684492576e+00
3.323192383739933753e+00
3.323611997785630212e+00
3.325582144358483205e+00
3.325768383509029924e+00
3.327593470228508377e+00
3.328360389565587774e+00
3.330936233934269630e+00
3.331022736418402186e+00
3.331472898520536408e+00
3.333636263890943141e+00
3.334080633255675163e+00
3.335720942350040463e+00
3.336710275430150308e+00
3.337247167677903192e+00
3.340902754813549702e+00
3.346281127730143634e+00
3.350127525385891758e+00
3.351799767455813761e+00
3.351947584916524114e+00
3.352614595499095351e+00
3.355396619416466830e+00
3.360520289254179449e+00
3.360973411509599273e+00
3.361159102651018138e+00
3.361381682823870065e+00
3.361823439585044149e+00
3.362268813702976367e+00
3.364496659470932016e+00
3.365153863002543488e+00
3.366024756237304683e+00
3.367148698794601103e+00
3.368987688091861443e+00
3.372620077919628923e+00
3.372696880473877723e+00
3.377384694383452235e+00
3.377442781568587016e+00
3.380893782437211836e+00
3.382972614468437556e+00
3.383091953055550327e+00
3.384674036100877359e+00
3.385328650822488683e+00
3.385654028561662976e+00
3.387585840617181265e+00
3.387678562343043875e+00
3.387949578503451686e+00
3.388112420346325315e+00
3.390825756677093406e+00
3.392221334386595011e+00
3.393468517113716665e+00
3.393647427433958530e+00
3.397919616302599533e+00
3.399856726070995983e+00
3.400300313539272423e+00
3.400317228610171494e+00
3.402470237633677286e+00
3.403131870633352651e+00
3.403912543376193423e+00
3.404866624221358329e+00
3.405913107653795624e+00
3.406588613620777917e+00
3.406927049172880473e+00
3.407308855759131117e+00
3.407759410280418511e+00
3.408454451586647505e+00
3.409861327384883012e+00
3.410443861693713163e+00
3.411355993008118315e+00
3.412619499799590894e+00
3.413451851875543230e+00
3.416615036910508163e+00
3.418267802291164337e+00
3.420396784954636615e+00
3.422333261651886005e+00
3.423449582925701673e+00
3.425459982640663537e+00
3.425770649890063524e+00
3.426310168403582601e+00
3.430815430141795908e+00
3.434380912984074552e+00
3.436371389466310600e+00
3.437373249275657905e+00
3.437887912176425420e+00
3.441655344057219068e+00
3.442013727656370481e+00
3.442674980151588571e+00
3.444570236527328078e+00
3.444765971868626320e+00
3.446029752550834768e+00
3.446507837225295301e+00
3.446859817061527220e+00
3.447123595340388924e+00
3.449850746900396281e+00
3.453546849242113748e+00
3.453696153879685760e+00
3.456037492114724330e+00
3.456216321310695783e+00
3.457214371463965374e+00
3.457652317027746669e+00
3.459342921780526048e+00
3.466381257108211766e+00
3.466534370167980494e+00
3.467059207175358537e+00
3.470782956805382291e+00
3.472707753601499192e+00
3.472876711933441385e+00
3.474872876939881117e+00
3.476369010037481555e+00
3.479767940131786474e+00
3.479913612978874582e+00
3.480278490234941735e+00
3.480863914230387657e+00
3.482939404055139132e+00
3.483187749833847047e+00
3.483359441746578078e+00
3.483448365185437989e+00
3.485332803004017599e+00
3.485603676853572974e+00
3.485810960445657525e+00
3.485817107712191554e+00
3.486266794906940358e+00
3.487112410911743510e+00
3.487530259120815046e+00
3.488071134385252403e+00
3.488372691526419267e+00
3.489053983923709801e+00
3.492823908106027719e+00
3.494090144294398126e+00
3.495102855802954434e+00
3.496677052552665810e+00
3.496814704511523875e+00
3.498211638879613172e+00
3.498476184753068985e+00
3.501994260650118207e+00
3.503034773583357353e+00
3.506672425083012801e+00
3.506804695371333658e+00
3.507497840888821106e+00
3.507664199217925383e+00
3.509415605304988972e+00
3.510266805224643960e+00
3.511335266779938014e+00
3.511401455902961377e+00
3.511570430859159764e+00
3.514241601517040348e+00
3.514521849539299136e+00
3.515403390896940206e+00
3.515654942615333844e+00
3.516123805626533372e+00
3.517287829048936665e+00
3.517982750585244123e+00
3.518821651769752812e+00
3.520470866223628814e+00
3.522078966772888009e+00
3.522762935570855625e+00
3.522852012755890883e+00
3.523707442697897374e+00
3.524129683720478745e+00
3.526325426784111983e+00
3.527146861958735169e+00
3.527437932675550059e+00
3.527681121671943476e+00
3.528224102472277135e+00
3.528270382526980775e+00
3.530167243097688257e+00
3.531292824473162728e+00
3.531862007242828394e+00
3.532377668117880010e+00
3.533780855747703065e+00
3.533967230167379014e+00
3.535480011240529130e+00
3.535788949566086359e+00
3.537043347480156807e+00
3.540877334630710305e+00
3.541155713764005064e+00
3.541900528537758497e+00
3.544153261220570617e+00
3.544470524835070080e+00
3.547512449588863692e+00
3.547724671761882664e+00
3.550045117894132574e+00
3.550801027065031423e+00
3.550887208286517716e+00
3.553734661004516404e+00
3.554531258275714034e+00
3.555398646342734281e+00
3.557893657507871676e+00
3.560431353375379526e+00
3.560631713112071051e+00
3.561316138666660081e+00
3.561509730463387591e+00
3.561776424482782311e+00
3.562959209126517202e+00
3.564308080136288304e+00
3.564379337926040225e+00
3.565478499945236024e+00
3.565636111163365207e+00
3.566543775114031867e+00
3.568764691513237608e+00
3.569936805957681258e+00
3.570138242388303684e+00
3.572089691265478262e+00
3.572343519702893211e+00
3.572662962474964399e+00
3.572745680625831088e+00
3.573286739275232105e+00
3.574017959880058548e+00
3.576264977005676915e+00
3.579354812829696364e+00
3.579389455774816931e+00
3.579487592601080070e+00
3.581422644791632859e+00
3.581428115818312552e+00
3.584464084091545821e+00
3.585393152454146914e+00
3.585673966579423055e+00
3.586000551470272857e+00
3.586265543934011646e+00
3.586270085499803084e+00
3.587001074101102471e+00
3.587296888332631717e+00
3.588499041543643742e+00
3.588890130505499432e+00
3.590014826828181072e+00
3.590155360891375658e+00
3.590786896588443966e+00
3.592000262286989098e+00
3.593062105291231045e+00
3.596362024494246690e+00
3.596683504991221803e+00
3.599158724621143612e+00
3.599521737238879027e+00
3.600540533602470727e+00
3.601986292737461959e+00
3.607143794895892874e+00
3.608358657834817240e+00
3.608647455681254002e+00
3.609672002347607656e+00
3.609681269287686955e+00
3.611350935952629015e+00
3.612921377811076251e+00
3.612942229193503607e+00
3.614425836941117520e+00
3.618819860897701357e+00
3.619979801782214235e+00
3.620986599046377652e+00
3.621050722198462246e+00
3.622055004597177774e+00
3.622967228913996696e+00
3.623314220107272998e+00
3.623977407739350287e+00
3.624562950245623583e+00
3.624578253005347861e+00
3.624606452447846294e+00
3.626125189852009711e+00
3.626325725322972815e+00
3.627645637612194829e+00
3.627946646791078145e+00
3.629427205135116186e+00
3.629429882082810366e+00
3.630103434502727655e+00
3.630390529314761583e+00
3.630898444020088434e+00
3.632563188980131752e+00
3.632775655219747879e+00
3.632930877950609538e+00
3.633106156360840444e+00
3.633538944739860277e+00
3.634273699897796472e+00
3.638647475326295400e+00
3.638825731667184815e+00
3.640786587593658474e+00
3.642088703775874681e+00
3.642227102429697272e+00
3.644509216014583775e+00
3.646282180887590485e+00
3.647953726599624247e+00
3.648639827549993164e+00
3.648873728850808185e+00
3.648874149921961241e+00
3.649433023483509064e+00
3.650096635665103229e+00
3.650216025884231996e+00
3.650422555086217269e+00
3.651266112289900612e+00
3.651595228503154544e+00
3.652133763458943694e+00
3.652216874531884372e+00
3.653630005929696001e+00
3.655165556849779396e+00
3.655336116251552525e+00
3.655387723928240185e+00
3.656391542916220150e+00
3.656406430457591394e+00
3.656880536831038864e+00
3.658614056569080120e+00
3.659394967430015910e+00
3.660145241351252743e+00
3.661824282922367058e+00
3.662238372352514926e+00
3.662830624996766815e+00
3.663477481090634313e+00
3.664262741007286994e+00
3.664375136014975887e+00
3.664871951306259756e+00
3.665093443359312975e+00
3.665872540638380972e+00
3.666543757953172555e+00
3.667188345409391648e+00
3.669790177115375140e+00
3.671523255906975258e+00
3.671911088217531205e+00
3.672735665575007857e+00
3.675428846170258002e+00
3.675448741462737701e+00
3.675568594048073123e+00
3.676747588401090727e+00
3.677355576136474458e+00
3.678607530745535481e+00
3.678648615417221990e+00
3.679362241203198991e+00
3.680596730521142668e+00
3.681458934698310426e+00
3.681503078760196335e+00
3.684070112548150533e+00
3.685107338126669241e+00
3.686485290814808913e+00
3.688184717216438813e+00
3.688195903468305836e+00
3.688865349765634516e+00
3.691936776106740314e+00
3.692764955692590778e+00
3.694426981705089652e+00
3.694909246494679333e+00
3.695362812697776445e+00
3.695644547221411891e+00
3.696331512329552815e+00
3.697097331867340131e+00
3.698748309649814825e+00
3.699850113158208220e+00
3.700884800733808877e+00
3.702218361257440638e+00
3.702777036087559370e+00
3.705905748161653968e+00
3.705996630070221620e+00
3.706288723833636389e+00
3.706402907189706664e+00
3.706491794220590386e+00
3.707237479640861810e+00
3.707268807372279262e+00
3.709151172703128996e+00
3.710981042740276514e+00
3.712452132742371180e+00
3.712707071310711093e+00
3.715390808912423903e+00
3.716046556623685326e+00
3.717595196418969739e+00
3.718528669120827690e+00
3.718699965689614029e+00
3.719868857152865083e+00
3.720056773170710152e+00
3.720699379235524518e+00
3.725566447907682655e+00
3.727500122298304852e+00
3.729080720974875529e+00
3.729757719564224416e+00
3.730291396764197742e+00
3.730301636305599633e+00
3.732418243788542256e+00
3.733120374448169354e+00
3.733905536651496604e+00
3.735292905399855812e+00
3.735848839825726131e+00
3.737308239722006320e+00
3.741127583572352755e+00
3.741919929914901299e+00
3.741963003055292170e+00
3.743776273509562547e+00
3.745962013898853638e+00
3.746410720008601647e+00
3.750884024841958819e+00
3.752895429374419223e+00
3.752932551748533019e+00
3.753957508264746057e+00
3.754472872327502486e+00
3.756580331407943785e+00
3.756714240391406445e+00
3.756774376182285380e+00
3.758171622037172366e+00
3.760578027696587888e+00
3.762091871298673063e+00
3.762141583985703974e+00
3.762637665111756125e+00
3.763355263205311996e+00
3.764999601888443070e+00
3.765058660432444526e+00
3.766273591858984027e+00
3.767427254345208532e+00
3.767889420244767695e+00
3.769668897464131252e+00
3.770106331232491836e+00
3.770261651231296085e+00
3.770695778585282820e+00
3.772748240404817821e+00
3.774591898724276806e+00
3.774743472229060259e+00
3.774996471269010279e+00
3.775127445472330479e+00
3.775236164441648778e+00
3.775280753457927574e+00
3.775384433526487005e+00
3.776594801122660883e+00
3.776946505119093356e+00
3.776965371711658914e+00
3.777049553407339832e+00
3.779151279098809102e+00
3.779447321907447144e+00
3.781101786728675140e+00
3.781758487058110685e+00
3.783477146641062383e+00
3.784638111418079376e+00
3.785629803279134897e+00
3.787415253487748767e+00
3.789494246844400394e+00
3.790280590286988716e+00
3.791452003849653085e+00
3.791491433773433339e+00
3.792952306541313323e+00
3.793215524565599406e+00
3.794327015118431845e+00
3.796015010790173783e+00
3.797578090866527312e+00
3.798789247262279289e+00
3.799209577728940967e+00
3.799396589965886584e+00
3.801524716170938678e+00
3.801558769169359309e+00
3.804823930563784096e+00
3.805130865138763419e+00
3.806055595443157191e+00
3.807408504164877971e+00
3.810538951729785406e+00
3.812217014717304231e+00
3.812405357561028385e+00
3.812957316560739329e+00
3.817884485331596078e+00
3.817946317531492717e+00
3.818766386772984855e+00
3.818807666036206250e+00
3.820270264000439564e+00
3.821029545802101079e+00
3.822203552975413032e+00
3.822667777848600235e+00
3.824863579369268241e+00
3.824896854959652259e+00
3.825411363311407076e+00
3.826780078212318692e+00
3.827979044511959916e+00
3.831145497671593958e+00
3.831202424460414591e+00
3.831406248899727363e+00
3.832365901554998899e+00
3.832885750998133112e+00
3.833249981798784845e+00
3.835433147719759628e+00
3.836488479840373333e+00
3.836564147982278516e+00
3.838488724962197285e+00
3.840909005295274792e+00
3.841042447518972391e+00
3.841112169569292245e+00
3.841961893669324279e+00
3.844586424244012424e+00
3.844661192821081208e+00
3.845236253254762371e+00
3.845582384933890374e+00
3.845888210091924275e+00
3.846455433212884856e+00
3.847746697189022402e+00
3.850264622424420136e+00
3.852023207040295549e+00
3.852569502752321906e+00
3.852884713543596629e+00
3.853331004984168029e+00
3.855056286551886480e+00
3.855286922589668652e+00
3.855978593197880944e+00
3.856780393314810595e+00
3.857602898239179900e+00
3.858547786934002133e+00
3.859114847897519684e+00
3.859417549412242909e+00
3.859654143665013137e+00
3.859784991350496242e+00
3.859919810406664542e+00
3.860502961147232348e+00
3.860543174396000143e+00
3.860834101989328637e+00
3.861968651026652211e+00
3.862605817946365150e+00
3.862612265741456330e+00
3.863038327479519030e+00
3.863908014144850966e+00
3.864867374076564666e+00
3.865003938489874002e+00
3.865484662916892855e+00
3.868602285337041202e+00
3.869851560331470708e+00
3.870113323591699128e+00
3.872927862811244903e+00
3.873908330111395681e+00
3.874884876655352084e+00
3.875248091567551345e+00
3.875926818888014047e+00
3.876823019270896786e+00
3.877838818449664604e+00
3.877963397446294813e+00
3.879563444449768195e+00
3.880604799291249130e+00
3.882102417926496241e+00
3.883218736957354533e+00
3.883397543959771880e+00
3.884781014585181325e+00
3.884909713825206889e+00
3.885599010926264807e+00
3.888681242273770433e+00
3.889075831451410448e+00
3.889494491036136647e+00
3.889509132390529089e+00
3.889785749411464710e+00
3.890841714360802062e+00
3.890929118368549045e+00
3.892542570474241792e+00
3.893537598073965267e+00
3.895955713645842700e+00
3.896069803220716388e+00
3.897014257077894506e+00
3.897088019459872932e+00
3.897092834136929085e+00
3.897465116364679183e+00
3.898789677084411487e+00
3.899139890898859484e+00
3.899286464605173030e+00
3.900416201999823862e+00
3.900740926969591627e+00
3.901235102314207559e+00
3.901489955703186574e+00
3.903882642598603958e+00
3.904780657943613509e+00
3.906172996569354794e+00
3.906461975411446463e+00
3.906492382671144625e+00
3.909801608947633511e+00
3.911012852965123354e+00
3.911727096998243169e+00
3.913028902485526483e+00
3.913238756012296538e+00
3.916666495602404208e+00
3.917501635130864468e+00
3.920294594902984819e+00
3.920586196162146209e+00
3.921124724637675030e+00
3.921205319363635589e+00
3.922918681439989896e+00
3.923449843238448587e+00
3.926838509212135619e+00
3.926872524686295662e+00
3.928760408473391141e+00
3.930530441538882869e+00
3.933381307872972688e+00
3.933652383605344305e+00
3.934155128098189014e+00
3.934976345505246442e+00
3.936787808736284866e+00
3.937770717740292525e+00
3.939153713975765747e+00
3.941031704647157241e+00
3.941177616650879401e+00
3.941841103568331395e+00
3.941886749654947675e+00
3.942307074752823493e+00
3.942425541297549962e+00
3.944225254955638693e+00
3.944687485765506096e+00
3.946056348121900648e+00
3.946220171283331357e+00
3.946536817209631565e+00
3.947497908858051741e+00
3.947749518295308846e+00
3.948911246959914578e+00
3.951892354178942135e+00
3.952714811145147333e+00
3.954563365582127066e+00
3.961146900210005928e+00
3.961852237896617890e+00
3.962826742980664729e+00
3.963449834157790175e+00
3.963913351370452087e+00
3.965003809340872376e+00
3.965506934169592768e+00
3.965510576561125156e+00
3.968421322008464980e+00
3.970653911014440318e+00
3.971742335277250291e+00
3.972370276712390069e+00
3.973066691630750213e+00
3.974176014477580399e+00
3.974414360580479588e+00
3.974856215401059156e+00
3.975875772059734636e+00
3.975985772169353005e+00
3.976159524467130613e+00
3.976270524916234894e+00
3.976510026786375995e+00
3.976655621316753209e+00
3.980162143856827761e+00
3.980431808319501386e+00
3.982466581783336235e+00
3.983484832119418950e+00
3.983849542522644338e+00
3.986389001338879634e+00
3.986709045781161365e+00
3.988515933080410303e+00
3.988921649623038856e+00
3.989508331688942366e+00
3.990321221257216333e+00
3.990741132550162273e+00
3.992099909227599497e+00
3.992398565668271004e+00
3.992834165512416433e+00
3.993107449994921954e+00
3.993552618005276944e+00
3.993843818002570156e+00
3.996545293554877532e+00
3.996854760008389462e+00
3.998564687096651582e+00
4.002344247655524434e+00
4.003034189093697570e+00
4.006682092858929067e+00
4.008720797031674721e+00
4.010074758223272973e+00
4.010798621696685551e+00
4.016732628467447164e+00
4.016865089237152908e+00
4.017739273131507360e+00
4.018344540207112736e+00
4.019202861663694115e+00
4.020527328857641969e+00
4.024187485117812990e+00
4.024543012720335433e+00
4.024684097572634123e+00
4.025673576628858719e+00
4.027294670456654124e+00
4.028051932000763280e+00
4.032123382046606253e+00
4.034950057637781029e+00
4.037404435318936891e+00
4.037824257189420507e+00
4.040543014896507579e+00
4.045002845495514698e+00
4.045069197726782306e+00
4.046386803806351296e+00
4.046790128860418889e+00
4.046829155162393832e+00
4.047005602521587697e+00
4.047181788838855709e+00
4.049254841768064495e+00
4.050577586997884616e+00
4.053199509275900780e+00
4.055121869324545436e+00
4.055346545239882694e+00
4.055557554668386189e+00
4.057056018209340920e+00
4.060085585564876531e+00
4.060573367789833021e+00
4.061427980644951141e+00
4.064700074689327813e+00
4.066676046740821171e+00
4.066958928053655775e+00
4.069478607740683707e+00
4.069956000757127157e+00
4.071562968728730247e+00
4.073645326536087907e+00
4.074011495072343614e+00
4.075524655212975134e+00
4.075751866662126410e+00
4.082165791971150703e+00
4.082463577666032961e+00
4.083651451010775979e+00
4.084167715984117208e+00
4.084525529607281769e+00
4.085706442055871968e+00
4.086706994713074081e+00
4.086750679307259659e+00
4.086995983292182721e+00
4.087646852077711834e+00
4.089120500857408302e+00
4.090153915180738231e+00
4.090278735506929664e+00
4.092383620923201626e+00
4.092563249528361702e+00
4.092810335092663898e+00
4.092815761262073693e+00
4.095423443908293493e+00
4.096296888802280378e+00
4.097781592487364399e+00
4.099115908613354620e+00
4.099416254206214028e+00
4.100131915347364320e+00
4.101840516108952173e+00
4.104002948744769341e+00
4.106499602923554981e+00
4.106743752333199993e+00
4.107224111122119936e+00
4.107632264993415383e+00
4.108483318047261079e+00
4.109274923396847967e+00
4.110250693883735096e+00
4.111333239710702081e+00
4.111940393967727481e+00
4.117885128727787780e+00
4.118078931283600141e+00
4.118146252999347112e+00
4.118439122615756176e+00
4.119771557588793875e+00
4.122274881237981248e+00
4.123797386287669120e+00
4.124114774336625544e+00
4.124887186157844887e+00
4.124917627736120807e+00
4.126127451913094824e+00
4.126201852405039006e+00
4.127992928130343131e+00
4.129726642587066898e+00
4.132205459476934628e+00
4.133667872638655538e+00
4.133894103087942362e+00
4.134557288408981179e+00
4.135187120975821529e+00
4.139653761372239060e+00
4.140007233332082315e+00
4.140733117788057527e+00
4.141055950070723135e+00
4.142522694365302627e+00
4.143504239452139082e+00
4.145048080114237088e+00
4.146914365198957064e+00
4.147975777691012667e+00
4.148189243001641380e+00
4.148211448640502397e+00
4.150506315378008182e+00
4.150521204347506377e+00
4.151323021517564271e+00
4.151777329080566403e+00
4.152675031834462516e+00
4.153010179641385413e+00
4.153332517439400462e+00
4.155682462981618031e+00
4.157022253657622457e+00
4.157362446513351628e+00
4.159048269012277643e+00
4.163761655868767342e+00
4.164969407805909185e+00
4.165044735392344322e+00
4.166549599390222625e+00
4.168184605754944982e+00
4.169131007109033504e+00
4.169365742763405436e+00
4.169528071338995723e+00
4.170615039086597697e+00
4.171587314766595611e+00
4.171955233741950764e+00
4.172475416933994374e+00
4.172832170113265349e+00
4.173249550448864476e+00
4.173676140469385842e+00
4.174844671212006197e+00
4.176777162858205550e+00
4.177562377389130610e+00
4.178132730776806802e+00
4.179193854883428649e+00
4.179238893817721845e+00
4.179741369444791133e+00
4.183078049797178011e+00
4.185262205177551209e+00
4.188272434531995714e+00
4.190686322743277792e+00
4.191191995330332709e+00
4.192610590043765129e+00
4.194754730102307150e+00
4.195708348379079133e+00
4.195986804673061954e+00
4.196586593210409610e+00
4.197340246720174584e+00
4.199288828293345155e+00
4.201861064664931256e+00
4.202144686287875963e+00
4.203420928077660434e+00
4.203712635767350214e+00
4.207359704500630571e+00
4.209220449596949187e+00
4.209237067943455202e+00
4.210043785089661483e+00
4.210380320755177763e+00
4.213481183232899774e+00
4.216155964641902010e+00
4.216814840771530903e+00
4.218379238622679495e+00
4.220202842667325704e+00
4.221687235858370357e+00
4.223225499617404566e+00
4.223973408125591966e+00
4.224165620781639596e+00
4.224273190245897425e+00
4.224466127287838546e+00
4.226803737368264535e+00
4.229137813469775686e+00
4.231717042224631520e+00
4.234307399692699647e+00
4.234474773014346383e+00
4.235139486236687567e+00
4.236151212442499592e+00
4.236419117787291633e+00
4.239606714927415254e+00
4.240423404346278069e+00
4.240675325601024781e+00
4.242122615650146145e+00
4.243223781197691835e+00
4.246258418188497252e+00
4.246268560693743588e+00
4.246841566209949015e+00
4.250797222794634678e+00
4.252900649334894645e+00
4.254427822383008539e+00
4.254927835602917874e+00
4.255871511037420341e+00
4.258855071206332887e+00
4.261916075584708530e+00
4.263123037081863131e+00
4.263347565446739651e+00
4.263537000993493642e+00
4.265888180450940759e+00
4.268762297946031126e+00
4.270698005936027108e+00
4.274267547492041075e+00
4.274573243106135401e+00
4.274627620456868726e+00
4.275246653917914585e+00
4.276443329042287189e+00
4.277125699493401711e+00
4.277972968121494191e+00
4.279349519703274929e+00
4.281211601319713900e+00
4.281720466537731085e+00
4.282557384249846777e+00
4.284670668997055287e+00
4.288675010200246440e+00
4.289831420384956573e+00
4.290345258903688119e+00
4.290581471227590704e+00
4.292688438345428459e+00
4.295635303637753033e+00
4.297422472274464056e+00
4.298490563776065088e+00
4.300686499134683594e+00
4.301024433834455429e+00
4.305446396395725905e+00
4.306402529432508786e+00
4.307410057838981565e+00
4.308045720416767033e+00
4.308255004277109279e+00
4.309884792662656672e+00
4.314700820601073517e+00
4.320711875339388719e+00
4.320846583645829853e+00
4.323695567920795568e+00
4.323891768333171015e+00
4.325272129599627924e+00
4.336123783920131203e+00
4.339876706321557975e+00
4.343430455520419287e+00
4.344150184119548008e+00
4.345303592206757770e+00
4.346759159804681971e+00
4.349058776284863370e+00
4.350573401387193506e+00
4.353255867496419462e+00
4.356978225705526953e+00
4.361482268424563102e+00
4.363497660917238008e+00
4.364613716196938498e+00
4.365050479744422063e+00
4.365915936592580593e+00
4.367018794634663692e+00
4.368033732296166427e+00
4.371696655143172627e+00
4.373673009989610172e+00
4.374664199283654575e+00
4.375145514641135769e+00
4.376647723438407134e+00
4.376896977224601137e+00
4.382033871791682245e+00
4.384924180998877041e+00
4.391408414478464195e+00
4.392280043131469469e+00
4.394325427123230376e+00
4.394636709416797515e+00
4.395696359695563160e+00
4.395733005261466708e+00
4.396414539228846508e+00
4.396814251462199508e+00
4.397812537079905049e+00
4.399543244920331553e+00
4.401581792964849527e+00
4.402617494244960739e+00
4.404125766700448530e+00
4.407861166674992504e+00
4.408988425286394452e+00
4.410274563730269826e+00
4.414575841710425053e+00
4.415936125208784979e+00
4.416840784242179296e+00
4.417694449473218654e+00
4.419935255114339157e+00
4.420268805860184891e+00
4.420817692032245283e+00
4.421145147499067285e+00
4.423379487120422837e+00
4.425673377187560043e+00
4.425846502403173233e+00
4.426556714578618212e+00
4.427635853609471539e+00
4.428637701927327086e+00
4.432602271016622630e+00
4.432714508809111997e+00
4.432883421611451880e+00
4.433043141623262962e+00
4.433563128004429643e+00
4.436197577311623341e+00
4.441785310556092270e+00
4.443410887771888085e+00
4.447100061071227017e+00
4.449065444733420804e+00
4.450146687852778449e+00
4.452408236027012300e+00
4.453369046214597837e+00
4.456934063051964046e+00
4.457323364537342236e+00
4.459443163418714384e+00
4.460564076577273163e+00
4.462740464276028440e+00
4.464144176276591658e+00
4.465636251659804046e+00
4.466161810550773659e+00
4.467459323554088257e+00
4.468279460190345276e+00
4.469687069248888811e+00
4.470557189212716942e+00
4.471492377414695518e+00
4.476874078851470706e+00
4.477040828065662836e+00
4.477876844850839255e+00
4.478039926286443873e+00
4.478185864099629043e+00
4.479656358037398256e+00
4.482790714417245859e+00
4.484248829996409391e+00
4.487139843548802354e+00
4.490234832603139381e+00
4.494473370929869205e+00
4.495230038902541025e+00
4.497870332876098054e+00
4.499962845099519271e+00
4.506491220167600176e+00
4.506979657017079255e+00
4.508657220396520060e+00
4.509308297357497608e+00
4.509375671452967360e+00
4.510199462814258098e+00
4.512686576323261534e+00
4.514211302680463334e+00
4.517673557848685739e+00
4.517997930562383857e+00
4.519703861398328471e+00
4.525159284569316043e+00
4.527865170788879290e+00
4.531313435520599064e+00
4.532570478872388620e+00
4.536391022419108410e+00
4.537325071270426058e+00
4.539578185971332225e+00
4.543304084718013947e+00
4.543834752502302621e+00
4.545835667558648652e+00
4.551088187632212012e+00
4.555065442948900589e+00
4.556145055105005781e+00
4.557403874424061918e+00
4.558370291969161769e+00
4.559258370821566153e+00
4.559781195462818459e+00
4.560612133815070024e+00
4.562338118962267153e+00
4.568913457309015769e+00
4.569220394144116071e+00
4.569377822802022315e+00
4.572279630403323303e+00
4.584679542638897765e+00
4.585008041790708866e+00
4.599651560451503585e+00
4.599893221766693685e+00
4.600708441321519793e+00
4.600925037554780772e+00
4.605033279023349913e+00
4.606639051240811078e+00
4.610371523462328369e+00
4.611351561848588076e+00
4.611352006339160425e+00
4.611434152081922200e+00
4.622465128637951892e+00
4.623324319972438978e+00
4.624724256579621162e+00
4.626787493235511306e+00
4.627357837873920410e+00
4.628255309260155492e+00
4.628317178887810357e+00
4.629732686843029299e+00
4.630735241404830838e+00
4.635851331675953979e+00
4.639718784550753483e+00
4.642148680779065728e+00
4.643719494819904092e+00
4.647259773944556471e+00
4.648266520656038736e+00
4.649081048288964624e+00
4.650695286563784059e+00
4.657729097062796697e+00
4.661300137457209836e+00
4.662631587407750189e+00
4.663442486360112937e+00
4.668318249446242518e+00
4.669750096566318120e+00
4.672614729337669637e+00
4.675651201414651403e+00
4.680591371168621784e+00
4.681259268590863165e+00
4.683706315112920571e+00
4.685466430011381078e+00
4.688061500024478079e+00
4.689322092610565207e+00
4.693599587713539911e+00
4.694716481769738436e+00
4.695806422227458476e+00
4.696078415933643058e+00
4.696854537485716463e+00
4.705207877263522853e+00
4.709793203197052414e+00
4.709885483682377583e+00
4.718058109601966699e+00
4.720202325766541307e+00
4.723292494223580995e+00
4.725166606449359818e+00
4.730898941554895210e+00
4.730958524192240056e+00
4.731016617853327055e+00
4.735170928290173720e+00
