2.359475560144299155e+00
2.362817302380385787e+00
2.366528452312591568e+00
2.367259320863306815e+00
2.378089065206976382e+00
2.378883422578385254e+00
2.400346511507522873e+00
2.406675911296384029e+00
2.407749638111301937e+00
2.411028769757568302e+00
2.417156594997737606e+00
2.439958834375205221e+00
2.441599472835027651e+00
2.443175294682620624e+00
2.443950324716604339e+00
2.460410243332714408e+00
2.466535425482825339e+00
2.471225093799908290e+00
2.476034824868099893e+00
2.489567610669318309e+00
2.498803149406054747e+00
2.500550445225347307e+00
2.501901709425730758e+00
2.505124509512785647e+00
2.507745108709941828e+00
2.510236084205438090e+00
2.515054434915291459e+00
2.517849331268249280e+00
2.523988151993404649e+00
2.525897111740685208e+00
2.529676536528689290e+00
2.531536590615576454e+00
2.543216939627753970e+00
2.546765536715834610e+00
2.558859953839680124e+00
2.559153906239585385e+00
2.571833857545189339e+00
2.573936024934993849e+00
2.585368178129178851e+00
2.586137570304878341e+00
2.587897190710537476e+00
2.603751820132816697e+00
2.605321411928214648e+00
2.605594256994143709e+00
2.606999141919907892e+00
2.623181779675743286e+00
2.632116560013514572e+00
2.632854570206113465e+00
2.635803392090289687e+00
2.637794628048415468e+00
2.651619526965857787e+00
2.652334550066287377e+00
2.653857577424957093e+00
2.654184719680689586e+00
2.662989048534367242e+00
2.683372914318000291e+00
2.686899466584580232e+00
2.690355780260516916e+00
2.692729675527490762e+00
2.693067900350939237e+00
2.706136831008378874e+00
2.706221162776705214e+00
2.708821164013912597e+00
2.713554713542225105e+00
2.713659599779430831e+00
2.720512342640998060e+00
2.723403515163813626e+00
2.723614196964924350e+00
2.724655499782999701e+00
2.727335240729920507e+00
2.733917398857141023e+00
2.746230479014704073e+00
2.746489281849530784e+00
2.748129378818108037e+00
2.753483709266844048e+00
2.763056820871494956e+00
2.765380336585290699e+00
2.765893909287315822e+00
2.766149143239085006e+00
2.776346444259152779e+00
2.784640941689155991e+00
2.804030287699453616e+00
2.806839512428588090e+00
2.816037945047824564e+00
2.818786013561073833e+00
2.822837848395522986e+00
2.824080608082343513e+00
2.831570975805021817e+00
2.833568276861906376e+00
2.836114467043047149e+00
2.836621255900900973e+00
2.838138339437292323e+00
2.838909506193963761e+00
2.840352475778378238e+00
2.844408717794219221e+00
2.847118761148877297e+00
2.849621048176110616e+00
2.850657309031242370e+00
2.852535628572802739e+00
2.856341383690034874e+00
2.860361743739757490e+00
2.860853438487023670e+00
2.861677666924908436e+00
2.877852273765086899e+00
2.878074097532868691e+00
2.880960581003740639e+00
2.884504950914425603e+00
2.887382974133674285e+00
2.887972729318821319e+00
2.902440086419251664e+00
2.903333759359445487e+00
2.904270561854725319e+00
2.915470594053426456e+00
2.922786722414882021e+00
2.922816400137764337e+00
2.925402011205918029e+00
2.949700588266471524e+00
2.965660092408427762e+00
2.982378762348510293e+00
2.983550261216731503e+00
2.993226479373579885e+00
3.002848865817386415e+00
3.005188045651902229e+00
3.006125254676323078e+00
3.010912359219610313e+00
3.013803828942976715e+00
3.015897331345086751e+00
3.022119759692806440e+00
3.025310181414014643e+00
3.045415121809823766e+00
3.049829827026142137e+00
3.051503287837723732e+00
3.054012914888471819e+00
3.054056536228308083e+00
3.057620201890312917e+00
3.065676705796638757e+00
3.078408008567875331e+00
3.079345710926925328e+00
3.086845138441245862e+00
3.090472692214623507e+00
3.092521665527999897e+00
3.094692206742355012e+00
3.097742517663665485e+00
3.097882050300983181e+00
3.099085573705667063e+00
3.099703476882305964e+00
3.102091474808549965e+00
3.102802187098057107e+00
3.104574764200687564e+00
3.106367851119867129e+00
3.107452448281109891e+00
3.107952735703860547e+00
3.110959660906958746e+00
3.115600588698913320e+00
3.116201635830706529e+00
3.117440495239822695e+00
3.124738352911343497e+00
3.138769804984990586e+00
3.141197400348424651e+00
3.141723882557267977e+00
3.146884943341484497e+00
3.151466361871577249e+00
3.152637006034463063e+00
3.154622497359374389e+00
3.159233677851864375e+00
3.164528045576333160e+00
3.165828793833896260e+00
3.183619899102097417e+00
3.183846921565656629e+00
3.185730948430734788e+00
3.189718421255288927e+00
3.191347661880424180e+00
3.195395451131844311e+00
3.197163796944392011e+00
3.197710757776545343e+00
3.198874192675407624e+00
3.200992547161698898e+00
3.216342535141868186e+00
3.223335331567507289e+00
3.223449235874044305e+00
3.226570642198115291e+00
3.235090076638954315e+00
3.235274605130899150e+00
3.237461903013868270e+00
3.241204386399607174e+00
3.241606538415153338e+00
3.243122989939853706e+00
3.244052824842249994e+00
3.245366028206950748e+00
3.247442600656420097e+00
3.248637482777368302e+00
3.250926334003460205e+00
3.251408401975558693e+00
3.257860599605542529e+00
3.264470771589654152e+00
3.272627751452880318e+00
3.276868179450671548e+00
3.278268355003832735e+00
3.284224923425556941e+00
3.286516240790286147e+00
3.287749277154290883e+00
3.292672786618726644e+00
3.300950980263761991e+00
3.308095406193641175e+00
3.308406501342186168e+00
3.311385253843270426e+00
3.314033550992515842e+00
3.314933029795888331e+00
3.317090565045147876e+00
3.318074389169234806e+00
3.319517071985312651e+00
3.319882812384915560e+00
3.323718878557547107e+00
3.327546911678860742e+00
3.332231538171952057e+00
3.333571071402956942e+00
3.343190619738820590e+00
3.348345514814248691e+00
3.349750659230537497e+00
3.349955213315264135e+00
3.352877533752315564e+00
3.352952085955577477e+00
3.355941959535526653e+00
3.357004689300747913e+00
3.357296041794764818e+00
3.357890000997465929e+00
3.360442004356760659e+00
3.365195332887007673e+00
3.366997976307973151e+00
3.368327956222948671e+00
3.378991151728740761e+00
3.383822818489907291e+00
3.386246812900827852e+00
3.390350724425173823e+00
3.391245737683741268e+00
3.393351284050662109e+00
3.394005399366845310e+00
3.396005371927841576e+00
3.397921131197251032e+00
3.397949682517040326e+00
3.398419381320138655e+00
3.398921266947767528e+00
3.403281491490881550e+00
3.406076727896600431e+00
3.411160610393928927e+00
3.413320436836159821e+00
3.413620009003931699e+00
3.413807926604607967e+00
3.416259116912586435e+00
3.416885599941783536e+00
3.418135740848570414e+00
3.418284670653531698e+00
3.418642786715433424e+00
3.426300185298337464e+00
3.428904945907021329e+00
3.429061112793683197e+00
3.429319276481442191e+00
3.430129626217441441e+00
3.431231234692861509e+00
3.437314977299369190e+00
3.442609446868579504e+00
3.442809958856388963e+00
3.445365352383678914e+00
3.447541277474695409e+00
3.450153644541968490e+00
3.451477290118667440e+00
3.455977045245809176e+00
3.461648962502821725e+00
3.466465748345892717e+00
3.466795443838524005e+00
3.469033969156778419e+00
3.472095207124195948e+00
3.472293728258924350e+00
3.481118629449070578e+00
3.481155491795451251e+00
3.483456135641332274e+00
3.485871069329177896e+00
3.486819779816471510e+00
3.489675772818416455e+00
3.498770673104142581e+00
3.500101245409715567e+00
3.508914312870535568e+00
3.509942899486944601e+00
3.512213023477224638e+00
3.513333708785014942e+00
3.513810830865268908e+00
3.521343109709360153e+00
3.523059326586821527e+00
3.524226801661582087e+00
3.524284180277612144e+00
3.528187369515091820e+00
3.528708107970175423e+00
3.529608036247758207e+00
3.530667389535445011e+00
3.531971859977613537e+00
3.532260961554017253e+00
3.536993727058902692e+00
3.537134139362447360e+00
3.538856139953051816e+00
3.540360552626167223e+00
3.543876307875808429e+00
3.549268726348049796e+00
3.549897175338550870e+00
3.554063977267305052e+00
3.556028303306990157e+00
3.558306091220211353e+00
3.562229138808690188e+00
3.564172836025631952e+00
3.564429974495260112e+00
3.565147931490663336e+00
3.565627491159645501e+00
3.568033548059885263e+00
3.569619113737548588e+00
3.577307576596411298e+00
3.597477837962084202e+00
3.599647768214512045e+00
3.600468123601936909e+00
3.601232282189695155e+00
3.607276571787902064e+00
3.608038678148843381e+00
3.610943515419638761e+00
3.613787286061307835e+00
3.618484094788494421e+00
3.621693457286172091e+00
3.626366311759849026e+00
3.627667071337513871e+00
3.628582672032495182e+00
3.635887013582377758e+00
3.637670226540583585e+00
3.646143230962836324e+00
3.646555847941567396e+00
3.652264570415049594e+00
3.655255784937381236e+00
3.657884320928539434e+00
3.659710786889486034e+00
3.661395677399945203e+00
3.677133392058179240e+00
3.678965206979976088e+00
3.681491754352057999e+00
3.683894683727533703e+00
3.688742798841132320e+00
3.694126257711160655e+00
3.697380997207325937e+00
3.700391761381406575e+00
3.705689352487567589e+00
3.712773750167640774e+00
3.713970918755173933e+00
3.715438795955427143e+00
3.717178691645148358e+00
3.718065983226846338e+00
3.730667184707372463e+00
3.734178797520507409e+00
3.735855436863892098e+00
3.737538962338712079e+00
3.738390579652597356e+00
3.738722825866565902e+00
3.740840641599918470e+00
3.743936069419239399e+00
3.762243620041338055e+00
3.765671731333815941e+00
3.765705408715949609e+00
3.766190216126731993e+00
3.767371258283086721e+00
3.767849669921316647e+00
3.768537434568978828e+00
3.770810266291597213e+00
3.771224757645546433e+00
3.773179192514447333e+00
3.787909696654636171e+00
3.790107191927551078e+00
3.792414120843594638e+00
3.794252307123833212e+00
3.798323715371615172e+00
3.800109185964722691e+00
3.808512471697242496e+00
3.814819949066852622e+00
3.819124027901581453e+00
3.825361676402848410e+00
3.826954759437739106e+00
3.829080367139201968e+00
3.833763322522800276e+00
3.834622157242803642e+00
3.837180995968798580e+00
3.844368474525758472e+00
3.844974438708395059e+00
3.850097876213811610e+00
3.853552646594374576e+00
3.853582339327655593e+00
3.862135226977353675e+00
3.867549263089759659e+00
3.868254515378229286e+00
3.868807698546940177e+00
3.872252346912001375e+00
3.872392161479619954e+00
3.879224342521763624e+00
3.880603809371148571e+00
3.881510203474775711e+00
3.884111777241095353e+00
3.886254575604179973e+00
3.889253532284327797e+00
3.890277224814837176e+00
3.897420239786792528e+00
3.900952513490329565e+00
3.905161753063541852e+00
3.906127528109061942e+00
3.909992552393909637e+00
3.912034645306050162e+00
3.913045518276037971e+00
3.914115388464792566e+00
3.917410152017216873e+00
3.917874537585091410e+00
3.918627979363476399e+00
3.925940510230148561e+00
3.926889173610661032e+00
3.928296687107083240e+00
3.929256513659502126e+00
3.933216664441633537e+00
3.935567964078406700e+00
3.940105658635487007e+00
3.941273370120111252e+00
3.944034729633589365e+00
3.951184232016544673e+00
3.954594070844805298e+00
3.955400817796119295e+00
3.967052799486478598e+00
3.974704783888928006e+00
3.975815674658485843e+00
3.977106887684192404e+00
3.978242802459007965e+00
3.981230901126715072e+00
3.983816446986772952e+00
3.984013650429854447e+00
3.985433560667223318e+00
3.996020033029211493e+00
3.998196309964040296e+00
3.999146534176002188e+00
3.999203611631077404e+00
3.999302411807274638e+00
4.002556593276529462e+00
4.004091812307109421e+00
4.015703623830331637e+00
4.016491773486845496e+00
4.018765856239744139e+00
4.019989953077651279e+00
4.021205862066228320e+00
4.022549207012296790e+00
4.024845155673562047e+00
4.028261725830973639e+00
4.032346752353862307e+00
4.038987293595346806e+00
4.041947738311097105e+00
4.042909694098764106e+00
4.050507997052367415e+00
4.056243460591336003e+00
4.056420080309190546e+00
4.057236455476544101e+00
4.060031647626200169e+00
4.060465312144564187e+00
4.063357491030837210e+00
4.081583114927225253e+00
4.084519326942540829e+00
4.086975715723671243e+00
4.089682575761692362e+00
4.091040901815758524e+00
4.094904018201722451e+00
4.113383682948087205e+00
4.115524110466360241e+00
4.117333663601998595e+00
4.123889724646851995e+00
4.130304626433790816e+00
4.132013952045944905e+00
4.132536203433839539e+00
4.141230769661501832e+00
4.146489112537245170e+00
4.149190590100131359e+00
4.155140914970834487e+00
4.156224909441136539e+00
4.157513626767400439e+00
4.159912060078967855e+00
4.160624424235523477e+00
4.164672053160042964e+00
4.165547242654016991e+00
4.166692858824565526e+00
4.167588421360822082e+00
4.173889456963425282e+00
4.175080031967593364e+00
4.179059674474549624e+00
4.181308061388407715e+00
4.182826791041370562e+00
4.185838317063725000e+00
4.193276578749836503e+00
4.193719843910781897e+00
4.199245964105751128e+00
4.202615007497095156e+00
4.203837139633345821e+00
4.204661841002649503e+00
4.208142590266255922e+00
4.208319865421406902e+00
4.210155762679139713e+00
4.215878962769305183e+00
4.216709315455541507e+00
4.216736016234749584e+00
4.219300734167957145e+00
4.220553385469064445e+00
4.238750669770963597e+00
4.243263444991658417e+00
4.245071800764481651e+00
4.246660462367223943e+00
4.247043402918855293e+00
4.248628656826610950e+00
4.248716342459453621e+00
4.261443401845383505e+00
4.264496491611594386e+00
4.267420213411721619e+00
4.283242618396498003e+00
4.284310847816811041e+00
4.295847754872001545e+00
4.299735500238521801e+00
4.305153953174579051e+00
4.307776194668187841e+00
4.310377758208815635e+00
4.311494496480273497e+00
4.311691791872824808e+00
4.312689188827445008e+00
4.314566481322245295e+00
4.314683689311952008e+00
4.316712108650132329e+00
4.319082381520760627e+00
4.319601222861486178e+00
4.322034057138378849e+00
4.323643199047553232e+00
4.324292493534588111e+00
4.326827347282953262e+00
4.327597824501702384e+00
4.337144943803250996e+00
4.342394397129768713e+00
4.342709123752299227e+00
4.349653988012139649e+00
4.352823639033546854e+00
4.354762623547397737e+00
4.355601505698389886e+00
4.360551736764123554e+00
4.361629885223549330e+00
4.363152748183324547e+00
4.368216554142437147e+00
4.373817474283068663e+00
4.373840596897752064e+00
4.374911595506725703e+00
4.376723484790305818e+00
4.377147348013863848e+00
4.378466164688058271e+00
4.378608662833095799e+00
4.379052930258415799e+00
4.382204104465507122e+00
4.383484042804357550e+00
4.387428682208186714e+00
4.387505451420683933e+00
4.388395316800967727e+00
4.388555938847602533e+00
4.392144893067403189e+00
4.394524558660569902e+00
4.396013682534028355e+00
4.405831108135349616e+00
4.409184653767796114e+00
4.413760357178952098e+00
4.417591370152644359e+00
4.417655022165684287e+00
4.418016292791208777e+00
4.418800108623377021e+00
4.419684480906361124e+00
4.419995764159798668e+00
4.420653119071808135e+00
4.421422459473702382e+00
4.422008026926874891e+00
4.429755228081254437e+00
4.431313842686042115e+00
4.436388241373956376e+00
4.437448249231663588e+00
4.438917920782420090e+00
4.439675643114841641e+00
4.446248341194152687e+00
4.447114236077995386e+00
4.451164197157085667e+00
4.453805386337593042e+00
4.454175608853900847e+00
4.457364400391641723e+00
4.458454141288087591e+00
4.461689379016202217e+00
4.463413138103131672e+00
4.467160774420515956e+00
4.472674202897121809e+00
4.473137880449308490e+00
4.476430398941880107e+00
4.478576417803239451e+00
4.481431603516228712e+00
4.484567034700361887e+00
4.487663844946984781e+00
4.488849724241042338e+00
4.490132047896320699e+00
4.492932073239509272e+00
4.497538210511947909e+00
4.498167681812079266e+00
4.503916075584109002e+00
4.504269929786365090e+00
4.504883480907130533e+00
4.505023942492862865e+00
4.507676089428722221e+00
4.512649176621110314e+00
4.513387226470787716e+00
4.514002045392891738e+00
4.514426803230594309e+00
4.518221362917743456e+00
4.532455833569883907e+00
4.541930108541031075e+00
4.546041836695776439e+00
4.548514437639743946e+00
4.558846320619692527e+00
4.559215095640780646e+00
4.563555251847245309e+00
4.571468583880144543e+00
4.574581663360731021e+00
4.578838374849994786e+00
4.585185297096520785e+00
4.591313374487821619e+00
4.592646084765366510e+00
4.593561353013363657e+00
4.595076714606523893e+00
4.596393908341369183e+00
4.604664195635698398e+00
4.606564253833671962e+00
4.607926038815293168e+00
4.612123819110482081e+00
4.615304053431784403e+00
4.621278278211541135e+00
4.623820482587520431e+00
4.627455862508226048e+00
4.628505323096805846e+00
4.631807681277267719e+00
4.637337166842155689e+00
4.639760854475887264e+00
4.641959203561635050e+00
4.643176102361749713e+00
4.644424576178288966e+00
4.645599483909916394e+00
4.646204375382404272e+00
4.649018935515254469e+00
4.650854876086019551e+00
4.651056680251016040e+00
4.654933985794266427e+00
4.657724614428633281e+00
4.662104987190349270e+00
4.664377844094710568e+00
4.665103457296203793e+00
4.665395894190005777e+00
4.665891192051788927e+00
4.671977585980797265e+00
4.675494139501840785e+00
4.676022789153553738e+00
4.678651548535481375e+00
4.679813375640943462e+00
4.691703312699345041e+00
4.691888285464339781e+00
4.693131248108660003e+00
4.697711245115659295e+00
4.704008129370159885e+00
4.706051832977584226e+00
4.708255674964608062e+00
4.709460805768739711e+00
4.711277743425754672e+00
4.711527322279207119e+00
4.714311278505974201e+00
4.716535967798173523e+00
4.716744849093593928e+00
4.717260791481149518e+00
4.718178335963285619e+00
4.720945359915212691e+00
4.723432550906858651e+00
4.731664420235036417e+00
4.733548725549818315e+00
4.738002758052286545e+00
4.739036327045433872e+00
4.739805461838552780e+00
4.742255142755229080e+00
4.746640891125066375e+00
4.747935995352919214e+00
4.748286225539022354e+00
4.761261401798236648e+00
4.764754668900098800e+00
4.768209648378639365e+00
4.772320348094772235e+00
4.775671860105515698e+00
4.777560560296512548e+00
4.778038870441192465e+00
4.780844862224717495e+00
4.782359122365685167e+00
4.782660251646844607e+00
4.783590061780203406e+00
4.784851190324037162e+00
4.788325276948682152e+00
4.796568121568332010e+00
4.801496643103077666e+00
4.803717066433564220e+00
4.804855785106795452e+00
4.806182314110047038e+00
4.807222058549378119e+00
4.808988043412879776e+00
4.811692960571890332e+00
4.812515460748244323e+00
4.813225341578866612e+00
4.818031436628465336e+00
4.824301406344462251e+00
4.828242306897111646e+00
4.835000066748379233e+00
4.835559070516971758e+00
4.837177026823153980e+00
4.837338170147078564e+00
4.838254444480909022e+00
4.839457440456952142e+00
4.839533533624865491e+00
4.843330616868013472e+00
4.846727045681736179e+00
4.847726430066827241e+00
4.859129937829076873e+00
4.863526272316700094e+00
4.865972885837807738e+00
4.873702742040917357e+00
4.874434009355042896e+00
4.876534797748120376e+00
4.887430428390848292e+00
4.887603543280117258e+00
4.898056157895770646e+00
4.907406155839614925e+00
4.911784110070978038e+00
4.912792225257176959e+00
4.919502025944980872e+00
4.921734051129173615e+00
4.922870042374441368e+00
4.926144983065894323e+00
4.929771288381691541e+00
4.930211377592540245e+00
4.930524302914973234e+00
4.933176975803102771e+00
4.938690990875412190e+00
4.940877976571324659e+00
4.941634813330280096e+00
4.943009329818231379e+00
4.943495283480229041e+00
4.945413007645161230e+00
4.946481305843849263e+00
4.949633308642985341e+00
4.951743165201169639e+00
4.956371674914644920e+00
4.956943363601399533e+00
4.962711791142430329e+00
4.963538833107578263e+00
4.965686486604322880e+00
4.969642887416490851e+00
4.970087136159312635e+00
4.974873616531261256e+00
4.977170596156295979e+00
4.981297853223637162e+00
4.983526321797747016e+00
4.984256603479986225e+00
4.987853305882865129e+00
4.988689713577988627e+00
4.992640412963466723e+00
4.992795140483390348e+00
4.998541251316978240e+00
5.009726069614338861e+00
5.010762604501035611e+00
5.014293367977193938e+00
5.015977807804682165e+00
5.018510755583649008e+00
5.020695829666905752e+00
5.027639426752702256e+00
5.028933434770229027e+00
5.032100216615898347e+00
5.033787808045243395e+00
5.034248148589786531e+00
5.037315121906723370e+00
5.038977865602306316e+00
5.039972156368559553e+00
5.045923959233723721e+00
5.047888088444547172e+00
5.048319325753963582e+00
5.048521260507206065e+00
5.052223124410167188e+00
5.055631574367165371e+00
5.057793098471874416e+00
5.064438546938020203e+00
5.065782820385048346e+00
5.066123754642713806e+00
5.068337602376384865e+00
5.068342144553006356e+00
5.071522548953628196e+00
5.071829860493065389e+00
5.073018714867073342e+00
5.074351659826103145e+00
5.076335511671276279e+00
5.084004301621239286e+00
5.084840832959599766e+00
5.086585070455177160e+00
5.089731321137389131e+00
5.091915655098051552e+00
5.095852134595484806e+00
5.096788854371398614e+00
5.098872316523618053e+00
5.100161668130507309e+00
5.108225050387976474e+00
5.112645836351607187e+00
5.113315566482055985e+00
5.118353459871197941e+00
5.120196616757810126e+00
5.120574487787458828e+00
5.120876938310651383e+00
5.129833030861619569e+00
5.130364788514655494e+00
5.131211380983546455e+00
5.132757710268998075e+00
5.138380784930678402e+00
5.139916615336718841e+00
5.140378083250989327e+00
5.142782419971256402e+00
5.143936825864040330e+00
5.144440910211243612e+00
5.145181577300651732e+00
5.152958951163225443e+00
5.156446666279007829e+00
5.157774470830659652e+00
5.159922141407405682e+00
5.161594226907856964e+00
5.162849046781978757e+00
5.164072595133630372e+00
5.165437863882903713e+00
5.165521505768995603e+00
5.166927487829124921e+00
5.169720406599343399e+00
5.175710594774028728e+00
5.177797788367622722e+00
5.189557509103392974e+00
5.189710472711248634e+00
5.190752286658876891e+00
5.192819171988022120e+00
5.194057261100884837e+00
5.199464620430168438e+00
5.200061285404854239e+00
5.201739465623812286e+00
5.201975216592251705e+00
5.204896596476685566e+00
5.205513182206504830e+00
5.214558576782265753e+00
5.215097638595175944e+00
5.225221017572436288e+00
5.226111316978732546e+00
5.226600787055712516e+00
5.226969315771202496e+00
5.228292159256789695e+00
5.228828110243724403e+00
5.229097099116076564e+00
5.232748711805442987e+00
5.234135812560843704e+00
5.234464022531652994e+00
5.239242801775820801e+00
5.240496842591781501e+00
5.241075408581854944e+00
5.245616350438436548e+00
5.253217933352643421e+00
5.254830614619209861e+00
5.256381638996384886e+00
5.256943998252824990e+00
5.259036537915871001e+00
5.259107116117463399e+00
5.263667967573028683e+00
5.264763281687489638e+00
5.266841429063234159e+00
5.267336902398168874e+00
5.270345059351530637e+00
5.272812025033341676e+00
5.276788109302266605e+00
5.279992360032451870e+00
5.280475371430117804e+00
5.285358718940933898e+00
5.290056176178559610e+00
5.295339116360376686e+00
5.295353181432953527e+00
5.297759638455556974e+00
5.298555066228139765e+00
5.299331935609346012e+00
5.307046308331023532e+00
5.315762148331057979e+00
5.317854708917327144e+00
5.319089558300809095e+00
5.331627302203096441e+00
5.339104426220589339e+00
5.339772477604544321e+00
5.340530098020307648e+00
5.342397835795799743e+00
5.344687065542702342e+00
5.346069836758609028e+00
5.346696956115675192e+00
5.347250797462383076e+00
5.349892782268127256e+00
5.355070425972243697e+00
5.356093110725382189e+00
5.356867157484423103e+00
5.357870225776222739e+00
5.361791366170059803e+00
5.364433236204862787e+00
5.368568190075597713e+00
5.373897282373357065e+00
5.374596309669583682e+00
5.376336288894444593e+00
5.376454580832826124e+00
5.376664180392486614e+00
5.390153361376711416e+00
5.392392065618836661e+00
5.393669101541674671e+00
5.400252945438165142e+00
5.406932980494912222e+00
5.413289070585024731e+00
5.416370695535614566e+00
5.425567947351453313e+00
5.429628122252415423e+00
5.430830163666649391e+00
5.436438268907966886e+00
5.442436760551546016e+00
5.444282733837719768e+00
5.450787656030148476e+00
5.451071842236051346e+00
5.452936678687374084e+00
5.453347305484406604e+00
5.454183123580598647e+00
5.455179604716415831e+00
5.455855197378935983e+00
5.461080086582076554e+00
5.464081417540255892e+00
5.464153351565501637e+00
5.466419996198821352e+00
5.466564001391759575e+00
5.467123340478483584e+00
5.471210706524823664e+00
5.474210492450295895e+00
5.477906349985114609e+00
5.478578867353848914e+00
5.492686908379988964e+00
5.495309158122326565e+00
5.499043896675793519e+00
5.499641200015660480e+00
5.501344988985490403e+00
5.503816312215647599e+00
5.509443003608126332e+00
5.515946624792186448e+00
5.516659061876898917e+00
5.519662763132267891e+00
5.520248502766034626e+00
5.522787648155494722e+00
5.524628184396616071e+00
5.534904169299795562e+00
5.543212500645550378e+00
5.553471254500609966e+00
5.553927268998783084e+00
5.555101551340224653e+00
5.555926925027592667e+00
5.556475384800194206e+00
5.557203610504244828e+00
5.557740401484574377e+00
5.558069594093106858e+00
5.558615242316329308e+00
5.559335881846673821e+00
5.560075147669991225e+00
5.563315045487905230e+00
5.563861029815978299e+00
5.565345431797157794e+00
5.568276555460413668e+00
5.572309598352410021e+00
5.572477049883326927e+00
5.573239791662166986e+00
5.573344938381824321e+00
5.581450440610387531e+00
5.589647047447474648e+00
5.598646519414455014e+00
5.598691211795716605e+00
5.604525736544741399e+00
5.604752574243265784e+00
5.606139187703726101e+00
5.608190523681058082e+00
5.610902977061361874e+00
5.616630019419586617e+00
5.619883296573401132e+00
5.619917181438474074e+00
5.622784342649398859e+00
5.624259420700104428e+00
5.631588164622681525e+00
5.633237189168180059e+00
5.633431512034614563e+00
5.634082096407976969e+00
5.636984398453264156e+00
5.638225619871253258e+00
5.641429388518773180e+00
5.646545445221752502e+00
5.650152147850279860e+00
5.651155729457795651e+00
5.658987442974829030e+00
5.660729744481604264e+00
5.663499359459787108e+00
5.666858101516161206e+00
5.670550118016551622e+00
5.671262525130373433e+00
5.677151712205966483e+00
5.677870340113437386e+00
5.679374313154152532e+00
5.680422651071990181e+00
5.680462805901564494e+00
5.685630648327341774e+00
5.687768489222047030e+00
5.690628861044582543e+00
5.692729440280102082e+00
5.692767366247061034e+00
5.693303943670045442e+00
5.693679806896122741e+00
5.696507283042525849e+00
5.700374070683889016e+00
5.701172290816822752e+00
5.702437064125322586e+00
5.702942718694663959e+00
5.705904239523308163e+00
5.709012639816023693e+00
5.719783238337583064e+00
5.724989240188789630e+00
5.730039801595070870e+00
5.740505029138884829e+00
5.741706318227774553e+00
5.742369673013703490e+00
5.742798751152919046e+00
5.754060197803319454e+00
5.757879975344343926e+00
5.758396514522112319e+00
5.769717513786089214e+00
5.773117540491852218e+00
5.774888657025084804e+00
5.776360288525836495e+00
5.778360728080093267e+00
5.783916009921686197e+00
5.784244107013141623e+00
5.786945030802266743e+00
5.787810480312629124e+00
5.790888434631759729e+00
5.797149702463592291e+00
5.800170157957014183e+00
5.804557844357543850e+00
5.805874412846343979e+00
5.813469594051993816e+00
5.814209482414151253e+00
5.816122581824862969e+00
5.823082880499416802e+00
5.825873806219824758e+00
5.825971878053742614e+00
5.826830193433774063e+00
5.829471772691624309e+00
5.837265467890235371e+00
5.840304230745631209e+00
5.842638931139068070e+00
5.850004532175688610e+00
5.860411760281894367e+00
5.860648586638355972e+00
5.870135887148128617e+00
5.879487040784588281e+00
5.880624295708392957e+00
5.881143510308506350e+00
5.887324331605185534e+00
5.893059798015642947e+00
5.896000609210033439e+00
5.903363364391213786e+00
5.916570400912212868e+00
5.918009760586037338e+00
5.926421360399259264e+00
5.929011433041869950e+00
5.931833594140031529e+00
5.932182022418912126e+00
5.932231896549061467e+00
5.933007001899498256e+00
5.933257243870929898e+00
5.935942921089437441e+00
5.938166191585396270e+00
5.939723308726535755e+00
5.942756822401291217e+00
5.942830606645682856e+00
5.943297677581871774e+00
5.951966272561225679e+00
5.954089361398430924e+00
5.956712560241069099e+00
5.960580307946904632e+00
5.965514633482509765e+00
5.969233828267187292e+00
5.970409126809325784e+00
5.971311929047120159e+00
5.973136715417195930e+00
5.980564561458097117e+00
5.983137969493983022e+00
6.000530306864938268e+00
6.002447904106118948e+00
6.006884665283001468e+00
6.011960129340822689e+00
6.013513269102933378e+00
6.015023521782411287e+00
6.017621670149366331e+00
6.027031425153911215e+00
6.029691586198420161e+00
6.044603236978128180e+00
6.050747120768820153e+00
6.051848981726504206e+00
6.064847095849429159e+00
6.067482735059255283e+00
6.068973189822187031e+00
6.071355919377256605e+00
6.079279302090255577e+00
6.079440572036067358e+00
6.082649817810633408e+00
6.084589808941822220e+00
6.087030050233827261e+00
6.087934272039603023e+00
6.092395151502274508e+00
6.102194582052571370e+00
6.107993892373702494e+00
6.118271945417343538e+00
6.121781330969834123e+00
6.124740411648205374e+00
6.130375250917031060e+00
6.139584925429475426e+00
6.140049674150285242e+00
6.141156208828149055e+00
6.146724765507389776e+00
6.152280003143058451e+00
6.156815488908628176e+00
6.175262004460118526e+00
6.177076975025646455e+00
6.190705521914080300e+00
6.191912494170472847e+00
6.194311889383251390e+00
6.198087388086665150e+00
6.204365388121765967e+00
6.210085309609786108e+00
6.216781328563855347e+00
6.228905108500113030e+00
6.234791357088166563e+00
6.244578975855331393e+00
6.247698117972772636e+00
6.249715228015086943e+00
6.249957492989637764e+00
6.250872704721233575e+00
6.251925559744787364e+00
6.253237286294289987e+00
6.255758765794102949e+00
6.257263085913982614e+00
6.259548027369772782e+00
6.263882901041521123e+00
6.274779894548983883e+00
6.276384971806269419e+00
6.278092833115218596e+00
6.279556278614435882e+00
6.284344083216433674e+00
6.285499178255412822e+00
6.289588549230122005e+00
6.292974500912467128e+00
6.301500529532896522e+00
6.303478757174593383e+00
6.306027646530088404e+00
6.314480121476255370e+00
6.323885067841135132e+00
6.324335967251446533e+00
6.327373416417996665e+00
6.335630863441031657e+00
6.340992672670669350e+00
6.349323032907961739e+00
6.353185522086423731e+00
6.353515375507335250e+00
6.360141015736914483e+00
6.363656945867757209e+00
6.363978122892250511e+00
6.369975157639770735e+00
6.371205252754445603e+00
6.373009015006323885e+00
6.386367097261717696e+00
6.397537115078706371e+00
6.400077989271623302e+00
6.400099287902550671e+00
6.402530542953386750e+00
6.406172583876136528e+00
6.415094696309076916e+00
6.422581638497903533e+00
6.427300502343586075e+00
6.429046313440230698e+00
6.432217322335070264e+00
6.434038411652882594e+00
6.437259196889695723e+00
6.461088145081506084e+00
6.461333764463416784e+00
6.463754277363565670e+00
6.465696744709379828e+00
6.468271011325476216e+00
6.478715197875615672e+00
6.489448067023903199e+00
6.490092088815816673e+00
6.494021290436025495e+00
6.498052462419725117e+00
6.502350645056948153e+00
6.505732584535582674e+00
6.516285458809550235e+00
6.517087281093890461e+00
6.517744414634559114e+00
6.524133885637313668e+00
6.531460584207715137e+00
6.559242273650083277e+00
6.560869761585867543e+00
6.575358760857771045e+00
6.587261657481847443e+00
6.589667317566296312e+00
6.597902721198174447e+00
6.620863943737727908e+00
6.630741014910241482e+00
6.632647829944316342e+00
6.635845009005089778e+00
6.655548828570966968e+00
6.656230788432070611e+00
6.665077365938784304e+00
6.676843157821476638e+00
6.703100554186416815e+00
6.707794119742310990e+00
6.708750607184278181e+00
6.731612041027513982e+00
6.739547118763550060e+00
6.750237454972286777e+00
6.751440386330481935e+00
6.753563012754377759e+00
6.760547586129278308e+00
6.761266496255084135e+00
6.763226707995730891e+00
6.765170477890507073e+00
6.765238274593493806e+00
6.766721691784570503e+00
6.771112369816892240e+00
6.776969881933414541e+00
6.780743679011817626e+00
6.789414955918252836e+00
6.807760217069424691e+00
6.818306490677104925e+00
6.821204090338410353e+00
6.829002179624982460e+00
6.848865522739810530e+00
6.874309689801203049e+00
6.878682286614361097e+00
6.879014653274458269e+00
6.881002229536732351e+00
6.883702780927266396e+00
6.898375919701980941e+00
6.910740772630876272e+00
6.914923369600686875e+00
6.937568195892151124e+00
6.937702942608725998e+00
6.942524157920709982e+00
6.953975492051585938e+00
6.956251587046863527e+00
6.963696758982689694e+00
6.968193128134451797e+00
6.968873414704973790e+00
6.974962529581083537e+00
6.977297057859384033e+00
6.991084932970169419e+00
7.005593716945582194e+00
7.007401965081268891e+00
7.015433106269579611e+00
7.024413591068356943e+00
7.027669551787025348e+00
7.034904783943158435e+00
7.049292315290820454e+00
7.049403565271032512e+00
7.051298416939713043e+00
7.053874427974456296e+00
