4.806435327838294747e+00
5.111791295120369227e+00
5.158168296863271607e+00
5.343028792639795022e+00
5.373483217580871774e+00
5.411153001525839557e+00
5.819384266680134310e+00
5.895486464727303755e+00
6.129549126929511260e+00
6.287508149658426859e+00
6.730855034440467399e+00
6.993499133301916082e+00
7.219836646986786732e+00
7.235504865515755668e+00
7.267982385370089560e+00
7.287302385076276146e+00
7.519184493765592059e+00
7.533651607348543777e+00
7.556291483730489311e+00
7.782276070307736049e+00
7.820778894925513036e+00
7.821093411395750650e+00
7.821100819032726470e+00
8.063516057104521906e+00
8.199059125587265129e+00
8.260005613682777081e+00
8.264288611247422978e+00
8.298114060189208274e+00
8.475324689480899565e+00
8.594307117713571031e+00
8.608168825310352545e+00
8.637695236334803184e+00
8.653722912397995515e+00
8.666748981869016433e+00
8.725748467095362670e+00
8.757601820146524219e+00
8.764397150494446009e+00
8.774197867427407260e+00
8.985015709033230991e+00
9.061300944212687725e+00
9.100481902166640324e+00
9.208397086263021336e+00
9.259977851205425381e+00
9.266682888913964078e+00
9.307584003025334951e+00
9.335600223684982879e+00
9.364198774317822327e+00
9.442180959280831232e+00
9.582501605432794278e+00
9.602019018091452196e+00
9.629649629128449462e+00
9.643324938675231550e+00
9.643590534978203621e+00
9.735467806478768082e+00
9.869175699451123052e+00
9.997633510288963521e+00
1.003649773126863387e+01
1.008767786937174371e+01
1.011917190991933069e+01
1.025896658829778296e+01
1.025897240420163214e+01
1.029775112070903376e+01
1.029782382520233419e+01
1.043172265575460145e+01
1.046212258390109895e+01
1.046313565494540576e+01
1.048402329074280281e+01
1.053185151563636701e+01
1.056041409412984322e+01
1.056125388878781557e+01
1.060233182320021506e+01
1.077933719946683588e+01
1.079391540751932688e+01
1.080749601874281574e+01
1.094640905980226719e+01
1.097484807214834746e+01
1.099472612656280113e+01
1.107132904347324676e+01
1.109525743504712914e+01
1.119274376730987086e+01
1.132635016201543543e+01
1.156069639259624537e+01
1.192796953220746303e+01
1.193688981551478356e+01
1.198097113220131860e+01
1.218102365569230194e+01
1.226595304769547035e+01
1.230770452329518960e+01
1.233785600250380199e+01
1.242289122614097963e+01
1.246549087806905831e+01
1.252846121758362230e+01
1.262729046674023259e+01
1.264612151770150739e+01
1.270432761419666612e+01
1.280852186160702111e+01
1.301879034967917548e+01
1.316993965181321435e+01
1.318833879309477197e+01
1.319485049553172473e+01
1.344298604617244663e+01
1.354650193954219795e+01
1.355491091107144186e+01
1.374663558602009061e+01
1.374978342369296946e+01
1.389890538211244042e+01
1.390807267439806694e+01
1.401072944367936124e+01
1.406212258171747997e+01
1.411004505649495933e+01
1.431933212980996473e+01
1.433574970162092299e+01
1.439360839265443737e+01
1.453488091069426247e+01
1.463676136011117457e+01
1.466428815227903826e+01
1.467585163848073648e+01
1.474594828181433215e+01
1.474639560923268888e+01
1.474648979352540756e+01
1.487244353517641571e+01
1.498933293296991387e+01
1.505257685287864966e+01
1.510358219536099611e+01
1.511990190288555524e+01
1.535068517462977944e+01
1.556835773529752487e+01
1.562468530667609201e+01
1.575062689368620816e+01
1.590185441754082696e+01
1.597095368891601730e+01
1.613337721513000744e+01
1.620365099629783501e+01
1.622871300972253650e+01
