1.149055113537274764e+01
1.149057581249657467e+01
1.159203780842663711e+01
1.197080488708211199e+01
1.210748958619184634e+01
1.280275557590529800e+01
1.308532703319018964e+01
1.308544967474102094e+01
1.312022871249031475e+01
1.317451173104684692e+01
1.341426354557581568e+01
1.376434885693971033e+01
1.391944577498040125e+01
1.400121949713689773e+01
1.413713440268276855e+01
1.413744853990367289e+01
1.418972713859441903e+01
1.446142487124351916e+01
1.447972054082492477e+01
1.467936595506907338e+01
1.492684722821871546e+01
1.495460571207125611e+01
1.505762162742065868e+01
1.521487011602868478e+01
1.523637340066791523e+01
1.523894888013906623e+01
1.524751333049308499e+01
1.525041539921088507e+01
1.528234438297226738e+01
1.528241220642438591e+01
1.535414769804980750e+01
1.554152536616452096e+01
1.560171982796061840e+01
1.561364783990833516e+01
1.570444326509461952e+01
1.570677211047251198e+01
1.581425605475330443e+01
1.581715032004159838e+01
1.585856381504703982e+01
1.591367340353491677e+01
1.607129743071306649e+01
1.607933114983943668e+01
1.608038147976443000e+01
1.616591072999887757e+01
1.619696508628024390e+01
1.621410122305271173e+01
1.628959834956016195e+01
1.630664588874108389e+01
1.634305998337325860e+01
1.645627808005478698e+01
1.665810378099882527e+01
1.666601588940683598e+01
1.676710071926753542e+01
1.680206772884655209e+01
1.682820316687279671e+01
1.711513506123570494e+01
1.729403473478820530e+01
1.735359883782368584e+01
1.742615945687795076e+01
1.750065253885675887e+01
1.772604199241028411e+01
1.773259340162653785e+01
1.793370419183219511e+01
1.800349574299443844e+01
1.811501498852106451e+01
1.820072318039745340e+01
1.822175407022548299e+01
1.826154611448926346e+01
1.827058776729154488e+01
1.829263333864220442e+01
1.838559076947391802e+01
1.842284372685103833e+01
1.857398894794502198e+01
1.863449085987752696e+01
1.864809083050263894e+01
1.879412304430785952e+01
1.886806344213872677e+01
1.917915449924495874e+01
1.934909108877647199e+01
1.961021444247365864e+01
1.964228043077729069e+01
1.973059992515960914e+01
1.973089005360010972e+01
1.985593528396676177e+01
1.989078157895804821e+01
1.990190619680814521e+01
1.992833771627969597e+01
1.993457496503952697e+01
1.993791124491603739e+01
2.011905549829881323e+01
2.028186289551700838e+01
2.031047336118957958e+01
2.034672846130576929e+01
2.048973990155229430e+01
2.057579905157817990e+01
2.074786434928642720e+01
2.078641417204393349e+01
2.080825744591916049e+01
2.083889686641374794e+01
2.088450322317567043e+01
2.090332483794120577e+01
2.095819930431207467e+01
2.133649035539886896e+01
2.150628886389692340e+01
2.157751635061920936e+01
2.185348680030846680e+01
2.187847903297087626e+01
2.212982331400406366e+01
2.252751995710603694e+01
2.284528099643215171e+01
2.296346828372260518e+01
2.305795193083195116e+01
2.359099825275690065e+01
