7.685362454109167629e+00
7.730904047519635114e+00
7.730984463896321657e+00
7.961290083875460333e+00
8.261364097488669955e+00
8.829959560233350047e+00
9.014434812618985049e+00
9.164792594347769494e+00
9.276248644931932574e+00
9.331612936770465438e+00
9.374160326051628189e+00
9.375895335545903819e+00
9.516715545706848189e+00
9.516936239679326448e+00
9.517039746789757615e+00
9.585129305826558976e+00
9.585209317208423840e+00
9.593228395476604220e+00
9.629738591952850868e+00
9.733219486755039895e+00
9.857210673203574913e+00
9.897030116925341403e+00
9.931608567546962973e+00
1.003124468024789451e+01
1.004550460058485761e+01
1.006266389743194267e+01
1.028891192933278731e+01
1.033795025425925651e+01
1.051023708257553579e+01
1.054390806760635790e+01
1.055286242281566800e+01
1.063475991041948276e+01
1.066506317083260313e+01
1.075133619269239915e+01
1.081890990494049021e+01
1.086971535413940337e+01
1.103429999510951909e+01
1.109639588798385290e+01
1.114623056325654282e+01
1.119787603900265793e+01
1.121067683557564543e+01
1.126289983994256616e+01
1.126292847867563651e+01
1.132751910891668956e+01
1.135959886225570159e+01
1.136761032282289818e+01
1.143154790827271938e+01
1.147920514111873480e+01
1.147922165521799087e+01
1.153191377915487870e+01
1.154503671849253266e+01
1.158058025438931793e+01
1.167654447324414058e+01
1.174325367178115442e+01
1.181003359007693554e+01
1.186368767236010768e+01
1.196280415430524435e+01
1.203334616935400092e+01
1.204751123286500381e+01
1.205703389982302198e+01
1.224397636309650395e+01
1.230823408795354723e+01
1.233965025309316488e+01
1.234206634888584375e+01
1.240669736422181657e+01
1.242846108256323667e+01
1.243491631748555726e+01
1.246868822218764805e+01
1.259738296822137116e+01
1.272453888478285400e+01
1.274404780571637374e+01
1.276214193104458872e+01
1.281801165956783528e+01
1.287616295394822608e+01
1.288878666689073071e+01
1.291362051361038965e+01
1.295608677758717597e+01
1.298215704235420986e+01
1.303412606327398393e+01
1.308944372686929114e+01
1.325807785283505247e+01
1.342167923149325759e+01
1.354580034600377125e+01
1.356241613478965569e+01
1.361985802395760459e+01
1.373020430328607944e+01
1.373481519042537968e+01
1.374051679898932754e+01
1.376080669268233159e+01
1.378683354862299737e+01
1.394297089581171711e+01
1.397476520332022432e+01
1.400139673526179429e+01
1.406865065690350569e+01
1.411865153166506381e+01
1.412840006740347931e+01
1.416099793772601423e+01
1.416944262709660407e+01
1.418848783757335674e+01
1.423679197197114021e+01
1.426529276286843739e+01
1.431443371112070650e+01
1.432424618280289508e+01
1.432490820696625100e+01
1.436236546461596930e+01
1.457307707500168270e+01
1.464529061002000887e+01
1.472774439812859626e+01
1.482004423987995523e+01
1.484382124022784488e+01
1.506673639910857609e+01
1.521899993576174914e+01
1.528712444570969176e+01
1.537592542574706478e+01
1.539817604362506920e+01
1.542306201231071050e+01
1.570022998668854797e+01
1.572305454811809966e+01
1.581230071690275096e+01
1.582876390820178969e+01
1.584265082849742257e+01
1.592356481919183153e+01
1.592931338615638559e+01
1.603564072632684301e+01
1.608809180237081904e+01
1.610020951592161964e+01
1.623034602728100140e+01
1.650860061792046807e+01
1.656509311509740456e+01
1.665705853522077362e+01
1.687401096109318033e+01
1.697860793610236385e+01
