2.758716018225195743e+00
2.760037438319318248e+00
2.761411239069090140e+00
2.768992699120108814e+00
2.769961984766083241e+00
2.770054962188368552e+00
2.780272324555066454e+00
2.783987093568035309e+00
2.785407076027121676e+00
2.786277005057578915e+00
2.789667890351610335e+00
2.791316071613267447e+00
2.792423412834577068e+00
2.794810293325145079e+00
2.802831524729392232e+00
2.805107610986354416e+00
2.806144789792814453e+00
2.806528617884455734e+00
2.809345133781716353e+00
2.814583148652998190e+00
2.816422210448206176e+00
2.818608318226817122e+00
2.820438435824631274e+00
2.821233667708315629e+00
2.824231951303359356e+00
2.833924396795247880e+00
2.834078717756039367e+00
2.836374501006240223e+00
2.836865959201603005e+00
2.837813591837133220e+00
2.839616570234078097e+00
2.840299920096348352e+00
2.849422859083036830e+00
2.850375794739711477e+00
2.850572856490224183e+00
2.857987536202371448e+00
2.858208362785528589e+00
2.860492530152097146e+00
2.860834472537007844e+00
2.863326993127274900e+00
2.863556820657834567e+00
2.866414296320529687e+00
2.869182455146200184e+00
2.870822579871770586e+00
2.873529562928464287e+00
2.875717754957610062e+00
2.878843064517406791e+00
2.883259474059852057e+00
2.885539441556782325e+00
2.886494128306905438e+00
2.893875233855363049e+00
2.893964547879710913e+00
2.896723684725137637e+00
2.898423895706024656e+00
2.905507653797958056e+00
2.907878736282149656e+00
2.914492399990682436e+00
2.916717166843710629e+00
2.924056276462497550e+00
2.931404157206784156e+00
2.932091602685334752e+00
2.938704497907197677e+00
2.940138261715243839e+00
2.941437791588605410e+00
2.945282963345240645e+00
2.946789549517098372e+00
2.950723629652528768e+00
2.957953558234077018e+00
2.959587674350891096e+00
2.961476919641448102e+00
2.968157806362958340e+00
2.980958789966536404e+00
2.987795133845568607e+00
2.988679626918015586e+00
2.989991610298592839e+00
2.990920606370731871e+00
3.000959330497064315e+00
3.012385042898230836e+00
3.014149509092388879e+00
3.018407917417339270e+00
3.018652132732409399e+00
3.020250862751037157e+00
3.021785582126310210e+00
3.024613158011995484e+00
3.024683690740472830e+00
3.025918715374979584e+00
3.030932534943310053e+00
3.033189785407412131e+00
3.033304184758585542e+00
3.038735572811199326e+00
3.040177204851686632e+00
3.043551749855978539e+00
3.050543939000667226e+00
3.058012309853934241e+00
3.058471530685155315e+00
3.062813736882960214e+00
3.069653825202778297e+00
3.070755260683846632e+00
3.074701866952493035e+00
3.075689555676274445e+00
3.075838189422826829e+00
3.078898860629751599e+00
3.079613764021858380e+00
3.080908700846511916e+00
3.081555335544778007e+00
3.083400829476731886e+00
3.083932831005525177e+00
3.084275831081297436e+00
3.084424942740361608e+00
3.085764040368748962e+00
3.087296208383528029e+00
3.091491133676863345e+00
3.092378767148427965e+00
3.092974361494726487e+00
3.096076398373346361e+00
3.096768046986476008e+00
3.103114912234783862e+00
3.104402647921067349e+00
3.107028055801883237e+00
3.108312688030996362e+00
3.114665508142309136e+00
3.116453766028634220e+00
3.120518962535852925e+00
3.120707664791180225e+00
3.122816739412967557e+00
3.129453369413872199e+00
3.131078617506874107e+00
3.136683342812661479e+00
3.138223300527509085e+00
3.138672212582249266e+00
3.141384718735047432e+00
3.142255305236874019e+00
3.145952625434197181e+00
3.153621014730399796e+00
3.153704286981950933e+00
3.161828622074044581e+00
3.163376509357263000e+00
3.163739895613348008e+00
3.168750225470785331e+00
3.170107891478792350e+00
3.170272559092855769e+00
3.170506481103279928e+00
3.170930092783816434e+00
3.174864669474927847e+00
3.177078375869071714e+00
3.178214590204935242e+00
3.181345529155512164e+00
3.182948586036289385e+00
3.184023960781199758e+00
3.186268742674862153e+00
3.201109111198914725e+00
3.202780471253291239e+00
3.202894027297638058e+00
3.204166727716035723e+00
3.204335907751577839e+00
3.204792064863163148e+00
3.205552708494793013e+00
3.205881861792089005e+00
3.208700532960691465e+00
3.211108163935471271e+00
3.211464607577016128e+00
3.214032715443377430e+00
3.214332826266180998e+00
3.215580301596437707e+00
3.219556762821496054e+00
3.225433208003088748e+00
3.225449906003393430e+00
3.231061351450738250e+00
3.235019035963283329e+00
3.236179746332633833e+00
3.236442256575613463e+00
3.237758248715686626e+00
3.238298408062404654e+00
3.241878620594349503e+00
3.242590509199352766e+00
3.243344802955163697e+00
3.245875927318236709e+00
3.251947275806364335e+00
3.257954898576355340e+00
3.258626956560208399e+00
3.262625052484128485e+00
3.264256601472421693e+00
3.264674504288688883e+00
3.266002779296958369e+00
3.266350595811484681e+00
3.267463203754636947e+00
3.269191043676195729e+00
3.270472248226877987e+00
3.270567116770667582e+00
3.271310267901144986e+00
3.272498999010164500e+00
3.273074917411868512e+00
3.273832150185915779e+00
3.277432817685650424e+00
3.279933696633573703e+00
3.280851976906870693e+00
3.280982556482289869e+00
3.289134334557221262e+00
3.289608178339813005e+00
3.291182958351166921e+00
3.296692318855689585e+00
3.297343932687156531e+00
3.298735775228041955e+00
3.299519958218961602e+00
3.299822900352288535e+00
3.301015722178385570e+00
3.302125970154102585e+00
3.303321263400300634e+00
3.315167101444522757e+00
3.316770209438097972e+00
3.318355949238005920e+00
3.320921754461352293e+00
3.326028746171180384e+00
3.326970645778618785e+00
3.327234541837573722e+00
3.329400546100465430e+00
3.335232106010747266e+00
3.338594790664818568e+00
3.338942822853022907e+00
3.340659137879846252e+00
3.344331109346483810e+00
3.344462282561034616e+00
3.345711225225790564e+00
3.351325252419025347e+00
3.352529070837932501e+00
3.358167456268627227e+00
3.358734344869631183e+00
3.361190969877739132e+00
3.361423214566251261e+00
3.361667136962684044e+00
3.362237615502396526e+00
3.363046742810454237e+00
3.363356567217663073e+00
3.364801719891776788e+00
3.365940830117550409e+00
3.369875443353225197e+00
3.370506512203276905e+00
3.372895534796838124e+00
3.372994562961701526e+00
3.373411262686811352e+00
3.374575334118630643e+00
3.375188704883130164e+00
3.375530241536506715e+00
3.377858476802102050e+00
3.379043880481356510e+00
3.379723960988521014e+00
3.382640332203179945e+00
3.384342052318554117e+00
3.386771453715593072e+00
3.391797094501850296e+00
3.392923662185227229e+00
3.394017287276712924e+00
3.396231301548725767e+00
3.396383474425665128e+00
3.396476358755186720e+00
3.397275966480237219e+00
3.398625040260379926e+00
3.398776850416144413e+00
3.402525522739396902e+00
3.402675556219134201e+00
3.409237376969695532e+00
3.410284798948870488e+00
3.412195725999319418e+00
3.415003041795447114e+00
3.415848766088910526e+00
3.416136333006999592e+00
3.416987289915473180e+00
3.417071624162822285e+00
3.417345819926583594e+00
3.423037287802672246e+00
3.424318310892072503e+00
3.429698849947818040e+00
3.430574666096082748e+00
3.434206632362538869e+00
3.437068801942290808e+00
3.441282530882239232e+00
3.444337728447309566e+00
3.444389566788381263e+00
3.445376728511620801e+00
3.447985891234246036e+00
3.448779966279291731e+00
3.449115326320047803e+00
3.449267322790551926e+00
3.450648848934879886e+00
3.451124470413347911e+00
3.451343142027384125e+00
3.456222307896422929e+00
3.460008737260010570e+00
3.461991587009880966e+00
3.463658102252774817e+00
3.464499440165055955e+00
3.465598706183617761e+00
3.467255195068096540e+00
3.468805343312606926e+00
3.470191100557948438e+00
3.474303481234130686e+00
3.474343907698127065e+00
3.474803260078036971e+00
3.477851794947316666e+00
3.478574489608719844e+00
3.478860949116649337e+00
3.478915481672896881e+00
3.480584190559157243e+00
3.481476030135483235e+00
3.487077159642845814e+00
3.488770312978473065e+00
3.489512067809879881e+00
3.493261324502499043e+00
3.496409378256768008e+00
3.496989363077144031e+00
3.497165792424064001e+00
3.498585665805788114e+00
3.500347048160315833e+00
3.500842395580549216e+00
3.503322403808207142e+00
3.503527403609729696e+00
3.504177244136297276e+00
3.504841260272110404e+00
3.505873618313319451e+00
3.509530430673560186e+00
3.509824335537131468e+00
3.514254005784021473e+00
3.517099360047765799e+00
3.517708285977829252e+00
3.520410680950508020e+00
3.522544645590681256e+00
3.524139087008630877e+00
3.532303270543300400e+00
3.537659276132622654e+00
3.540080294863328980e+00
3.546595403151481474e+00
3.551595361219090474e+00
3.555566548611541755e+00
3.555592651608085575e+00
3.555772471927978184e+00
3.558226786939415298e+00
3.558478957270972742e+00
3.559560890868721739e+00
3.560522072233581081e+00
3.567145076104900170e+00
3.572028700430359471e+00
3.572234270754261587e+00
3.572444044693420473e+00
3.572453888224474294e+00
3.574386917770717265e+00
3.578501887388229719e+00
3.579373601846187913e+00
3.583829484257566200e+00
3.583850199906897682e+00
3.584315871504853313e+00
3.585549186147985790e+00
3.586653561417908698e+00
3.587971747635444686e+00
3.588292861273075562e+00
3.588418023957895553e+00
3.588422037767579731e+00
3.589063848114646404e+00
3.589587668643239304e+00
3.589795565783147069e+00
3.593663595747855322e+00
3.593856212698224972e+00
3.595187354212453279e+00
3.599674133775974560e+00
3.601935637980584470e+00
3.602891461247743621e+00
3.604263980200808071e+00
3.606721086041428048e+00
3.608169177629120927e+00
3.609840627847975991e+00
3.612248703545552608e+00
3.618933985692783128e+00
3.619955624548495177e+00
3.620453069738295948e+00
3.623027765772259823e+00
3.625204933945004093e+00
3.629566628214325075e+00
3.629658052552632519e+00
3.630479415469327176e+00
3.630653097992460943e+00
3.632671263675221418e+00
3.632898338316144837e+00
3.636631820952697325e+00
3.637350709731928422e+00
3.638470146985644416e+00
3.639614993802461118e+00
3.640115473805948021e+00
3.640365890898318746e+00
3.644111231382270777e+00
3.650467682242335421e+00
3.653772567428127171e+00
3.653872229645953151e+00
3.654438706259473868e+00
3.656699929596447074e+00
3.658229159509072570e+00
3.658665995344820843e+00
3.660019515976531412e+00
3.660178507918026014e+00
3.660270759286857967e+00
3.660313240968973592e+00
3.661982328039674606e+00
3.662143819629605446e+00
3.662691466801887064e+00
3.664243368228993436e+00
3.665271966978645768e+00
3.665753644402685474e+00
3.668547363638636760e+00
3.669875496822037064e+00
3.673988302669524142e+00
3.674463527853369715e+00
3.678222179175078210e+00
3.680298115589168972e+00
3.681041449251163833e+00
3.682128312692163341e+00
3.683152678212258113e+00
3.687601160116153132e+00
3.689809281662766782e+00
3.691142866967331848e+00
3.691575623575666487e+00
3.692402915152258824e+00
3.694372333687348853e+00
3.695101886948094272e+00
3.695344391286545349e+00
3.695347710756215598e+00
3.698667579286028406e+00
3.698942482538113641e+00
3.700813017287888140e+00
3.701156293190997815e+00
3.704766571648163698e+00
3.706018151527968207e+00
3.706862660531645037e+00
3.707154867738433612e+00
3.712530845609233854e+00
3.713929771214747877e+00
3.715752613155183237e+00
3.716953875103281124e+00
3.717920153453537768e+00
3.718407999047661505e+00
3.719625464153809347e+00
3.719842776230309678e+00
3.720723778172873253e+00
3.723723608823915843e+00
3.724637396803291534e+00
3.726550209795524538e+00
3.726948560458616555e+00
3.728830453914942833e+00
3.730561594834483685e+00
3.733060500378947655e+00
3.734086366494798082e+00
3.737673744710746870e+00
3.739800489358819036e+00
3.741319842841959620e+00
3.743364987052706372e+00
3.748805179127852938e+00
3.751142452061225985e+00
3.752706090607868195e+00
3.753091810544808560e+00
3.755242688326554390e+00
3.755243577207555195e+00
3.756703447804083051e+00
3.758705742479845568e+00
3.759914319588182341e+00
3.762167067133273424e+00
3.762473013874494399e+00
3.762596489707842551e+00
3.767334955830370369e+00
3.767460951530137603e+00
3.770069619436519304e+00
3.772336120658259961e+00
3.772852204198609005e+00
3.773256410275902084e+00
3.776604787147724185e+00
3.776927217619566957e+00
3.777379750073251774e+00
3.780313792678848372e+00
3.783886481400444257e+00
3.784827965174678788e+00
3.785223913964748554e+00
3.786465934696332081e+00
3.788471484463534100e+00
3.790202685648794034e+00
3.790566308209195601e+00
3.791296318433552415e+00
3.791976268801449113e+00
3.794760104676678569e+00
3.794994906135125134e+00
3.798540791207142941e+00
3.800015874701361707e+00
3.800420286995820351e+00
3.800596938850413942e+00
3.800859267103478878e+00
3.800906976718612995e+00
3.801637672553144220e+00
3.806492041158593409e+00
3.808622677683241697e+00
3.809020994006892202e+00
3.809347956127738133e+00
3.809428944606163991e+00
3.812600958737367041e+00
3.814296272199962257e+00
3.814349789954786463e+00
3.816008201591297500e+00
3.817212111656128393e+00
3.820760194273728150e+00
3.821543084524714473e+00
3.821590213094587352e+00
3.821725825596323567e+00
3.824327780800349519e+00
3.827301528277455844e+00
3.832802862215367590e+00
3.832810307053009957e+00
3.835891662506926814e+00
3.838032293709478626e+00
3.838212509036452946e+00
3.838441302675119182e+00
3.840559716880239005e+00
3.842622435230738098e+00
3.844599155835086268e+00
3.845335182580685629e+00
3.845958854265079996e+00
3.846154558414298208e+00
3.849528504257797135e+00
3.851616366135976577e+00
3.852512276820341697e+00
3.853103537386177280e+00
3.854807186523705465e+00
3.855390466310474995e+00
3.855715980494478501e+00
3.858864686066609373e+00
3.860169966815825138e+00
3.860278550287368660e+00
3.860397832674705931e+00
3.860520753291589280e+00
3.862041299666188809e+00
3.867776460440060848e+00
3.868012007836887811e+00
3.869505741494962514e+00
3.870698564613382242e+00
3.872855069481319301e+00
3.878036166916380090e+00
3.882302749482446025e+00
3.884722510720956201e+00
3.885486666865744620e+00
3.890577563305494202e+00
3.890783597607105015e+00
3.893363747294121158e+00
3.894518064815099656e+00
3.895320584456656743e+00
3.895937456413485211e+00
3.897522617999691796e+00
3.898826173840465703e+00
3.899671558888886835e+00
3.903013492837689835e+00
3.903777339507964239e+00
3.904888324473796413e+00
3.909959414933072530e+00
3.910772778944245687e+00
3.912104921345882502e+00
3.913009746840253378e+00
3.913426601722166609e+00
3.913904917134863659e+00
3.914069353687373631e+00
3.914955211318646100e+00
3.915155257605356098e+00
3.919263420051382951e+00
3.920825112733646201e+00
3.923689429210191371e+00
3.924283831601791395e+00
3.925736049062104716e+00
3.927570755177125950e+00
3.928125788317697875e+00
3.928937573712911302e+00
3.930387312111685905e+00
3.932711054931814942e+00
3.936640592288922047e+00
3.936772684326960814e+00
3.939677005640166207e+00
3.940834227753981622e+00
3.945032660511964995e+00
3.945489496937484741e+00
3.945505459872529208e+00
3.945693580991191052e+00
3.946488206093093698e+00
3.946491275554926847e+00
3.946828003838455334e+00
3.947594996087829156e+00
3.949408328594925521e+00
3.956780476996127671e+00
3.960176105616128872e+00
3.964354773718759883e+00
3.964677055939650696e+00
3.965866439994747417e+00
3.966504740685388608e+00
3.969959276327987840e+00
3.970161539751420055e+00
3.971193544908724782e+00
3.973834926294419922e+00
3.974873391208816109e+00
3.975813794338918239e+00
3.977541373736776631e+00
3.980253038349436778e+00
3.981073312568088163e+00
3.981193649841344495e+00
3.981207936770518430e+00
3.983878839957858631e+00
3.986752181466736822e+00
3.990610669263322752e+00
3.990673209859559645e+00
3.991098393670359901e+00
3.994677717647163284e+00
3.995900170328693601e+00
3.997128024143071112e+00
3.997263197968662585e+00
3.997285367115484878e+00
4.002715028324885793e+00
4.003507003777389883e+00
4.010136374851806629e+00
4.011373729126813004e+00
4.011755223189792829e+00
4.015222549366860072e+00
4.016508202983490428e+00
4.019549438327707946e+00
4.020389677039244880e+00
4.020492493513040166e+00
4.020504866265809163e+00
4.020686863996568938e+00
4.020699963851032344e+00
4.021618423911159645e+00
4.022354868231702518e+00
4.023862556959658221e+00
4.024228147746051754e+00
4.024705664447318476e+00
4.024893333214126123e+00
4.027374113102326625e+00
4.030012865737671923e+00
4.030185207132187308e+00
4.031229982681217017e+00
4.033139710508227616e+00
4.035921325597635168e+00
4.036777482962701669e+00
4.038585280453418136e+00
4.039908564339266484e+00
4.042150839888601688e+00
4.044746125048009233e+00
4.044994353527221698e+00
4.046599814800782902e+00
4.047343225861696148e+00
4.049568873553655912e+00
4.053520474466955292e+00
4.057017217753704053e+00
4.057098641463573685e+00
4.058180525951607720e+00
4.059703111922193131e+00
4.060753252836408755e+00
4.061860817830395654e+00
4.067648133567216107e+00
4.068514986300622027e+00
4.072407676777471508e+00
4.075766850119239670e+00
4.076355197975213507e+00
4.077772997357123508e+00
4.079844346922190113e+00
4.081515217647508464e+00
4.083469489191022816e+00
4.089775544127059348e+00
4.090278671463054572e+00
4.091020496861077049e+00
4.094877090324472668e+00
4.095186343174709975e+00
4.095331340633403983e+00
4.096051537106306206e+00
4.098800986933201607e+00
4.099287734516341430e+00
4.099434968979765337e+00
4.104043323715207414e+00
4.104370795094243185e+00
4.107130875996886310e+00
4.110763835452477366e+00
4.111693509143091951e+00
4.115254129684138285e+00
4.119038014498784150e+00
4.119471964936606945e+00
4.121532763838212432e+00
4.121534149026573779e+00
4.127585406920909250e+00
4.130805177791023297e+00
4.134496701282593278e+00
4.134709811211426889e+00
4.135982495991427754e+00
4.136438051401039928e+00
4.142386704718414414e+00
4.143036656510618698e+00
4.145720393264578973e+00
4.145918170110728163e+00
4.147719115717411142e+00
4.150230985715593235e+00
4.153001399936584015e+00
4.156696623550918623e+00
4.156884284823597397e+00
4.161760034107607531e+00
4.163142663900367246e+00
4.165947340005523358e+00
4.167612161534348658e+00
4.169701055202409634e+00
4.172039560044836115e+00
4.173418867099861984e+00
4.175701270190760539e+00
4.175934116203613655e+00
4.177075063091365337e+00
4.183967220270234932e+00
4.187278929413233541e+00
4.195090768419738936e+00
4.195394764256898057e+00
4.195477285595470285e+00
4.195546494231595425e+00
4.199480944929794290e+00
4.200411944599033554e+00
4.201311737180808414e+00
4.201791780897027095e+00
4.202431540399681253e+00
4.202522603950407998e+00
4.206294966827771376e+00
4.207273188548051657e+00
4.208599781198853584e+00
4.210691971250980714e+00
4.211763322847660085e+00
4.215890315304548608e+00
4.216256878741401870e+00
4.219536132102817305e+00
4.219861205017540584e+00
4.222151165724760347e+00
4.223098365850202818e+00
4.223986119411395457e+00
4.224071573043728378e+00
4.224622844422956547e+00
4.225959677057449682e+00
4.226186451093885132e+00
4.226617850902632867e+00
4.227084579503999073e+00
4.230435929620469437e+00
4.231119887586072714e+00
4.233207804311571287e+00
4.233589731134501655e+00
4.234068172782805561e+00
4.238121261051311706e+00
4.239857216720896993e+00
4.240812766941445489e+00
4.243936537299688894e+00
4.244892199694727530e+00
4.249512851889594600e+00
4.251416132596764541e+00
4.252052268824972003e+00
4.254154017789871567e+00
4.255188207624923002e+00
4.256695064510712889e+00
4.256744979464827772e+00
4.256985221082555171e+00
4.262049967521704730e+00
4.264634841926631559e+00
4.265340885543700722e+00
4.266004012031860526e+00
4.270533002455968230e+00
4.271257379068557292e+00
4.272733297198031188e+00
4.277398428790861296e+00
4.278248804656667126e+00
4.280574195165739226e+00
4.281470022610850634e+00
4.283107537731982717e+00
4.284137429670485275e+00
4.284709674819910497e+00
4.287022597319819717e+00
4.288767311939830407e+00
4.291024847533167375e+00
4.291992360720256805e+00
4.292725968862374231e+00
4.292810922287451092e+00
4.293043479620935798e+00
4.296328632306868123e+00
4.297362987248832589e+00
4.297367977638439029e+00
4.299404655185001367e+00
4.300170223506648348e+00
4.301058763956928210e+00
4.301644962870023292e+00
4.303084185434472353e+00
4.303127034628799308e+00
4.304669800159522275e+00
4.311841094993867252e+00
4.312788589615582424e+00
4.313920883005202711e+00
4.314253279572812794e+00
4.315749114502236417e+00
4.317617255473315652e+00
4.317727119862236229e+00
4.320833475663304668e+00
4.322659703312590196e+00
4.328113514012323471e+00
4.336061504063765781e+00
4.337657765023497980e+00
4.341220037501537732e+00
4.342286051175725525e+00
4.343775773889141156e+00
4.345488939404039463e+00
4.345520780091513657e+00
4.347891749812824891e+00
4.349432631409161587e+00
4.355493255555142440e+00
4.357193730084565786e+00
4.357408540797944596e+00
4.362191154873737986e+00
4.363660666753957251e+00
4.365154644423930641e+00
4.366138912783030790e+00
4.373500383415027670e+00
4.375289032064251238e+00
4.375423343433097578e+00
4.375831287351950927e+00
4.376960922641417007e+00
4.377724360405740534e+00
4.381242122400167638e+00
4.382514558085599532e+00
4.385548071969097350e+00
4.386045012986227398e+00
4.388309922624026527e+00
4.390081404379657215e+00
4.393555504920890087e+00
4.393627048027154203e+00
4.397514015611736049e+00
4.399223675827314217e+00
4.399824354510479374e+00
4.403505761217711090e+00
4.406772674771841203e+00
4.407104747735204775e+00
4.408361722589747345e+00
4.408404342648732488e+00
4.411800076786419389e+00
4.413587214993872188e+00
4.415976956417513755e+00
4.416908903428518940e+00
4.416992719041044957e+00
4.418783589447847326e+00
4.420270122030555804e+00
4.421924811916400522e+00
4.422427995312868454e+00
4.423558761281558560e+00
4.425169474335779007e+00
4.427661482460551134e+00
4.432711685151686787e+00
4.432821557361318554e+00
4.433695391207585601e+00
4.434070088007408650e+00
4.435328083395129184e+00
4.440388633279546582e+00
4.441091144794357959e+00
4.443383026356784171e+00
4.445056443842593907e+00
4.445355670096538425e+00
4.446323955795321581e+00
4.448364154372149493e+00
4.448391477118086357e+00
4.449666170812060173e+00
4.450213960465339902e+00
4.451060530182137320e+00
4.456301635551923823e+00
4.459791397237503396e+00
4.464416135861114299e+00
4.464752183311816225e+00
4.469266122563772647e+00
4.471714257580637231e+00
4.471831588374787003e+00
4.474321395553048752e+00
4.478216751649314098e+00
4.480264264774780791e+00
4.481941641934363396e+00
4.482390293178268870e+00
4.487109387460522569e+00
4.489358405461159940e+00
4.489821139826634777e+00
4.491934421100653552e+00
4.494331957596157778e+00
4.497054806297899887e+00
4.497601895146211781e+00
4.500027016674752467e+00
4.500132690530078250e+00
4.501488931150528394e+00
4.503013912464043145e+00
4.504865860260317767e+00
4.505572114824730079e+00
4.507610049204982872e+00
4.507970466626101569e+00
4.516760111317125848e+00
4.517268157604214629e+00
4.523096414167450341e+00
4.523733257727835522e+00
4.526727639359319433e+00
4.526865463523515487e+00
4.528001901208100755e+00
4.528223329674712083e+00
4.533281079756037002e+00
4.536311748656950193e+00
4.537059663528721920e+00
4.537750733024024541e+00
4.539808826906162942e+00
4.542966470430489956e+00
4.544091601918072598e+00
4.544174458051459808e+00
4.546192225056821634e+00
4.546809867635710489e+00
4.551784656778419702e+00
4.556830531824326513e+00
4.558065371227466578e+00
4.558507302064372269e+00
4.561767932839229545e+00
4.564870618778659406e+00
4.565510205278096478e+00
4.566443354358485252e+00
4.566823849568685922e+00
4.567017175963595577e+00
4.575502162567417486e+00
4.575534393451285986e+00
4.576457928489420901e+00
4.581002276633567405e+00
4.583652403052651536e+00
4.583898768531886603e+00
4.586592659631910429e+00
4.591040743022447579e+00
4.591994611327092635e+00
4.592412029002997720e+00
4.593232690175933719e+00
4.593372282224746250e+00
4.595063118944834102e+00
4.597357000610227118e+00
4.597387107918356364e+00
4.601077321319564817e+00
4.601741662859665460e+00
4.603991571195686916e+00
4.604154134764984363e+00
4.607572309965843438e+00
4.607661497780014770e+00
4.608276572263337201e+00
4.614698292326263385e+00
4.614786295192049081e+00
4.614887426814697768e+00
4.615933820112922525e+00
4.617889906167490288e+00
4.620742130228146394e+00
4.625211027026494115e+00
4.625929863617814775e+00
4.630045714616103147e+00
4.631007070318733376e+00
4.631942089252572892e+00
4.632502438545283319e+00
4.636282727124801717e+00
4.639094266997100036e+00
4.639386233406658455e+00
4.640298224868330657e+00
4.641672838766246478e+00
4.642580316679935315e+00
4.643772660391449314e+00
4.645414117870452664e+00
4.646344219866378467e+00
4.647488716608428660e+00
4.649500493939652479e+00
4.650405865019394014e+00
4.657558023786575241e+00
4.660360542627790537e+00
4.660945982357133310e+00
4.661924829370342138e+00
4.662563667330666739e+00
4.663605932326661652e+00
4.666104025830237312e+00
4.666272897230665073e+00
4.666379476089717038e+00
4.667804115696529088e+00
4.671432749627539849e+00
4.673603613802563395e+00
4.677532203284139101e+00
4.677769520321524155e+00
4.691119337817924340e+00
4.691319845606660266e+00
4.695348689038343792e+00
4.695802279712191662e+00
4.698257068339346532e+00
4.698771891049087657e+00
4.699335883582136830e+00
4.701053690679610320e+00
4.707482251974598242e+00
4.708479511714162236e+00
4.712245101437812167e+00
4.714548418081651704e+00
4.724302953623334744e+00
4.728846924712693855e+00
4.732064294119171066e+00
4.734538815139790024e+00
4.736460315286157297e+00
4.740389324922023917e+00
4.743116970574967617e+00
4.744695087065124994e+00
4.745536412828498030e+00
4.749407973295498131e+00
4.751142730282665205e+00
4.752856300977294168e+00
4.755116676914979301e+00
4.756923381753713542e+00
4.761581195498615138e+00
4.767683966256649697e+00
4.770746641482244144e+00
4.774836523707490343e+00
4.782541546382750752e+00
4.791219739413872247e+00
4.792524707955611696e+00
4.794963673578050312e+00
4.796648973547391392e+00
4.800830889158897108e+00
4.807626408430742515e+00
4.808979045917597617e+00
4.814582030663738799e+00
4.815475968928321748e+00
4.819450959766955478e+00
4.823122300205968216e+00
4.824386849507192210e+00
4.829429606460812430e+00
4.829530511371284973e+00
4.830666777070664608e+00
4.831575392512558409e+00
4.832249968599460210e+00
4.834269463951236467e+00
4.835974840166168853e+00
4.836936414242128279e+00
4.838374140892939934e+00
4.842822890050539009e+00
4.843136138155369252e+00
4.844379187129353781e+00
4.845672665023860404e+00
4.848410888400324303e+00
4.848925926016219634e+00
4.850935226760806351e+00
4.851739081733809300e+00
4.853140300842212262e+00
4.854692924672368015e+00
4.856934650475595916e+00
4.859599138563216236e+00
4.862626988169568065e+00
4.862940016615838523e+00
4.866520058147862926e+00
4.873421883644406094e+00
4.874145969060549533e+00
4.875187918556091127e+00
4.878415667882534557e+00
4.884479888517421209e+00
4.886816132491976994e+00
4.893194206839381444e+00
4.898937497786058692e+00
4.899302915000565584e+00
4.899929757725023372e+00
4.903331825633905794e+00
4.912746878206687207e+00
4.916213079782898454e+00
4.916892977689657052e+00
4.917201551117597269e+00
4.923012938275582506e+00
4.923513189047104888e+00
4.927653932724080477e+00
4.928958847945838606e+00
4.930367463573098519e+00
4.932207068205703315e+00
4.937036159962238990e+00
4.937329086478917439e+00
4.943438183544903275e+00
4.948789491855358769e+00
4.950342406464788070e+00
4.955334107874922900e+00
4.956895449546991905e+00
4.958656278514529170e+00
4.960012982383428692e+00
4.960709078032997432e+00
4.962496642876820907e+00
4.962720546502429109e+00
4.964151683231222911e+00
4.966817977294025965e+00
4.973518359354725860e+00
4.975737176539404061e+00
4.977807226867753343e+00
4.977963857719269747e+00
4.982486647350492959e+00
4.983090677641995647e+00
4.984933644816520903e+00
4.986264447372735553e+00
4.991733939981215507e+00
4.996706109991033706e+00
4.999314749626735832e+00
5.001664985578389455e+00
5.004506431217667028e+00
5.006535972772052645e+00
5.006615715962523971e+00
5.007040557079704080e+00
5.010216554170856540e+00
5.011076540075589669e+00
5.012512772177714737e+00
5.020737013128248272e+00
5.031939503654400347e+00
5.033073700650021465e+00
5.035188809681239164e+00
5.036789777485143560e+00
5.038075751524798918e+00
5.045941657516748613e+00
5.048449239241202591e+00
5.050575557612907218e+00
5.050896237125109600e+00
5.067866356336506506e+00
5.075977321183499313e+00
5.076672289957159911e+00
5.076826402302940799e+00
5.082267657780452197e+00
5.091195853199911525e+00
5.097114604267854787e+00
5.101423460717517067e+00
5.104047347895733111e+00
5.104579641347964269e+00
5.109209161105357389e+00
5.109373337493832601e+00
5.112165612169865092e+00
5.114671444081253959e+00
5.116691401941928952e+00
5.116903198847276180e+00
5.117047378749148834e+00
5.117168670758589499e+00
5.122368079281319098e+00
5.130303175371142999e+00
5.143289375337166014e+00
5.148879443593145311e+00
5.152836675196470928e+00
5.153784151628858723e+00
5.156052650724684661e+00
5.158527933603340720e+00
5.158954288054834691e+00
5.159360670439586016e+00
5.160649528387817320e+00
5.160717346733968647e+00
5.161225893819882948e+00
5.165369954266776809e+00
5.165457773192175139e+00
5.167276761129399709e+00
5.168214039271298077e+00
5.169159490359977127e+00
5.169421679378490175e+00
5.170371695805162204e+00
5.170884765329282651e+00
5.173408519404356198e+00
5.176114882247406790e+00
5.177493806167985824e+00
5.178983256219120257e+00
5.181977225374715168e+00
5.189156704362939188e+00
5.190040973806276270e+00
5.190349167298298205e+00
5.190432728709997612e+00
5.190679907244668101e+00
5.201492903582374261e+00
5.202215397431556809e+00
5.206696804684492363e+00
5.210715949125783730e+00
5.216980643899236547e+00
5.224188065637146217e+00
5.226096783523614064e+00
5.226934905590963076e+00
5.227621269182736619e+00
5.229261854117106978e+00
5.230491098495320124e+00
5.230892391926886376e+00
5.230928235192598308e+00
5.236039630590441973e+00
5.238592458233084059e+00
5.243346409997421631e+00
5.245783326671232594e+00
5.248164908696717035e+00
5.251542882491790465e+00
5.253721336243680540e+00
5.255421994352631465e+00
5.256005156378937393e+00
5.261994672903516523e+00
5.264378879148881474e+00
5.267115188849585294e+00
5.268722233681342182e+00
5.274350335142433899e+00
5.277266232160916282e+00
5.287394447085338456e+00
5.291655398094256668e+00
5.294715257949520471e+00
5.296805218440404417e+00
5.302106450144591143e+00
5.303257953352020770e+00
5.306063983004789542e+00
5.309437870099985801e+00
5.310073920663684000e+00
5.314012609048480051e+00
5.316229198706670545e+00
5.321890256241804451e+00
5.324761883120148198e+00
5.328378652350544975e+00
5.329001909243301860e+00
5.330319500428518431e+00
5.331400856198341920e+00
5.332716492933855967e+00
5.333783613799533363e+00
5.338740936220990996e+00
5.341444511825795161e+00
5.349968841942751574e+00
5.356753180768980549e+00
5.357954327168791941e+00
5.367351272559094610e+00
5.367383289358572007e+00
5.375103771490591598e+00
5.376517974433883573e+00
5.378728093983156988e+00
5.385424836654064684e+00
5.387178784683909427e+00
5.387627816821428439e+00
5.392059691601314597e+00
5.394387437239517524e+00
5.398657835261015947e+00
5.400869076146634917e+00
5.401977596054904573e+00
5.409669206700841393e+00
5.409743920836824316e+00
5.411707691756986627e+00
5.422304097216708918e+00
5.428809109725111881e+00
5.446771165666394410e+00
5.448748022028601312e+00
5.449825787897590423e+00
5.451102846458495854e+00
5.459880991821274066e+00
5.464520551920162283e+00
5.475619209842755630e+00
5.481888717914885412e+00
5.483679888190855500e+00
5.491025152471013193e+00
5.496345499098080900e+00
5.496493946934010388e+00
5.496528902677766837e+00
5.504043554219329337e+00
5.512400071761084597e+00
5.513323112730765807e+00
5.517544557552724882e+00
5.517561926532583705e+00
5.524146466702956282e+00
5.534233843071358905e+00
5.538210432903529323e+00
5.538530997330282979e+00
5.538903545133211814e+00
5.543590547217414510e+00
5.557812557134674591e+00
5.558917527156035376e+00
5.559581105663296441e+00
5.561843916251405062e+00
5.563563345086984135e+00
5.565213234560371092e+00
5.567699923142795271e+00
5.568415089187100264e+00
5.572600765270078860e+00
5.573703643463810309e+00
5.580218565112528673e+00
5.586031881550698408e+00
5.592731142156443624e+00
5.595417533842447888e+00
5.596173023801161328e+00
5.601307560450690559e+00
5.601503320766327398e+00
5.604115062605483644e+00
5.608419996570727761e+00
5.617810376351592083e+00
5.623265710867796585e+00
5.626534716932177105e+00
5.642756519466794352e+00
5.643231806359947811e+00
5.645927907743527818e+00
5.656524711987525045e+00
5.659094505082672200e+00
5.660506028293585068e+00
5.663297514788812492e+00
5.674557515088245907e+00
5.678983556362229734e+00
5.685922111987739669e+00
5.686575420158623828e+00
5.689401083473583753e+00
5.697203145217847542e+00
5.701820295974655117e+00
5.704836953745718198e+00
5.713409671344885865e+00
5.717301909363878387e+00
5.718861261601866808e+00
5.719950638576594137e+00
5.721612894132553251e+00
5.724052705224723425e+00
5.730882773009239983e+00
5.732432056005785981e+00
5.736761819142061292e+00
5.738553510179622563e+00
5.739699346693374338e+00
