3.683090225998943090e+00
3.683665784462814230e+00
3.694604410093029756e+00
3.696293922690589540e+00
3.701564531893751564e+00
3.708352444714964502e+00
3.710660428662371668e+00
3.712618170095016268e+00
3.715691117092984275e+00
3.718964026242652654e+00
3.729414250560559640e+00
3.741463281078583503e+00
3.746155817962895096e+00
3.759207757053887544e+00
3.764762194348953539e+00
3.769107606528297794e+00
3.772262858090051019e+00
3.775283319842632768e+00
3.777417294388538238e+00
3.779777249855051036e+00
3.788848735517826416e+00
3.801743593806665267e+00
3.808270689990802538e+00
3.814292504285719865e+00
3.815845239917868170e+00
3.818309595359390407e+00
3.818751061412442027e+00
3.819401237787313885e+00
3.831636828110148052e+00
3.833929204645437405e+00
3.840720421093400283e+00
3.842403598345914162e+00
3.843602606376239628e+00
3.844165295299876828e+00
3.857608186598162181e+00
3.858305296347983138e+00
3.858619792433415352e+00
3.868831654272021581e+00
3.869501794908986714e+00
3.877237329233591545e+00
3.886707680775825402e+00
3.887637044807684461e+00
3.893743083542602346e+00
3.894902577706287339e+00
3.900436767317567721e+00
3.906118244120569738e+00
3.918141495536965113e+00
3.918551211725200822e+00
3.921948879952281697e+00
3.925932496695965224e+00
3.929760960068073405e+00
3.934964803840352410e+00
3.938969801941381466e+00
3.940992930329235033e+00
3.947920091675982679e+00
3.950617223854642202e+00
3.952198399938376738e+00
3.952288718426325342e+00
3.956994481094778582e+00
3.957068033851991018e+00
3.959327780839696054e+00
3.959367427433615916e+00
3.964017236694842072e+00
3.973591195287816014e+00
3.977387227228270650e+00
3.981858807519047527e+00
3.984519477562245893e+00
3.986526842308081964e+00
3.992231383533634936e+00
3.996490716263973564e+00
4.003649405692199181e+00
4.012424590027390714e+00
4.012591519599459033e+00
4.016232546538751613e+00
4.016645012788846003e+00
4.018961862490454173e+00
4.024146573744036282e+00
4.024842749805395137e+00
4.025313235377392829e+00
4.030932405273085273e+00
4.034697242563603403e+00
4.036938907496114837e+00
4.038054223840255474e+00
4.040922948372272394e+00
4.048510600813471250e+00
4.051785759188493152e+00
4.058211352983127185e+00
4.060891545379329948e+00
4.068060941162010558e+00
4.069483758846119237e+00
4.069509562650139856e+00
4.070387318635526164e+00
4.073355187443987724e+00
4.077192927098931996e+00
4.078162514682599493e+00
4.079703295753067671e+00
4.080566562761918092e+00
4.082982951714592801e+00
4.087272137953147144e+00
4.089560642092772369e+00
4.092554453651179536e+00
4.096859586124000252e+00
4.097289375899052288e+00
4.110384582941621012e+00
4.112215783769226363e+00
4.113473603469803841e+00
4.113851584543371409e+00
4.117232193591775946e+00
4.121248986166841100e+00
4.123278539257462683e+00
4.123386831417145792e+00
4.124462806968308470e+00
4.124699766523258759e+00
4.133971985071061894e+00
4.137884471333848069e+00
4.138690554777618047e+00
4.142100229458255178e+00
4.142818438103962109e+00
4.145222132952731009e+00
4.148054325978778323e+00
4.153651953514235551e+00
4.157922185837305662e+00
4.159220955340266812e+00
4.159597566840812277e+00
4.162904399399455002e+00
4.168082211562457395e+00
4.172916441850684777e+00
4.174064837936618311e+00
4.174475128108433353e+00
4.176735073941896026e+00
4.177444957811277781e+00
4.188231581824407357e+00
4.190746627032624794e+00
4.191115933833033047e+00
4.194756904882646076e+00
4.196902017802231377e+00
4.198861074702777252e+00
4.199373491429553518e+00
4.201876306703744568e+00
4.203672459242102200e+00
4.203679528606187432e+00
4.205131651212518307e+00
4.205814725777971219e+00
4.206017044286689099e+00
4.208839193999803108e+00
4.209264652658572636e+00
4.209759302267846337e+00
4.210739573757075860e+00
4.215814155079995906e+00
4.216265364632714174e+00
4.219585879515577176e+00
4.220896199279046357e+00
4.221424236527790974e+00
4.221590621685014533e+00
4.221725627814411297e+00
4.225638740631886492e+00
4.227044761687586139e+00
4.227975178440376958e+00
4.232102928307697631e+00
4.232593801099515218e+00
4.233629482281465073e+00
4.238438053773942116e+00
4.238490365988296205e+00
4.239003341249945045e+00
4.243996038767045675e+00
4.247423372276720066e+00
4.255111021879720568e+00
4.264159974875278536e+00
4.267972620413627460e+00
4.269436097506225103e+00
4.270133415035971325e+00
4.271163105178398034e+00
4.271887012903052394e+00
4.281413484522069268e+00
4.289017371052119998e+00
4.289881906715889315e+00
4.290084608376485420e+00
4.292223160534375914e+00
4.292355243468772841e+00
4.293702943896139601e+00
4.295942886125221349e+00
4.302797492885680697e+00
4.304022515565256057e+00
4.304084638380794026e+00
4.307970561169119250e+00
4.309368032420874961e+00
4.313578262490754156e+00
4.316067110544177687e+00
4.320633424190001293e+00
4.327655305332087643e+00
4.328634685565611484e+00
4.330468934304088080e+00
4.331190721734429872e+00
4.339551291664063726e+00
4.340858283274987350e+00
4.341139903137531064e+00
4.341996455844549629e+00
4.346594473273924564e+00
4.348924200557969577e+00
4.353277898629128728e+00
4.354613466227983842e+00
4.361930138052749761e+00
4.362191734251647190e+00
4.363150008401412094e+00
4.367229318471292920e+00
4.370388564832119904e+00
4.370920300771841127e+00
4.374229176077670367e+00
4.374663269574792679e+00
4.377016177863517044e+00
4.379580126390119510e+00
4.380412180530469435e+00
4.384655412406131880e+00
4.384704645746498208e+00
4.395086139832661942e+00
4.395728910423252422e+00
4.409848944294485484e+00
4.411120733546517236e+00
4.412395828504310558e+00
4.412811402484649648e+00
4.414719850964808678e+00
4.414771208576661721e+00
4.415545704243205805e+00
4.417542261940870851e+00
4.426359915247997989e+00
4.427645324954690764e+00
4.428182345697324607e+00
4.429000615520701345e+00
4.430086282001952647e+00
4.434039552281006102e+00
4.434639617050197380e+00
4.436295972206769633e+00
4.438906992402864127e+00
4.441245000669995946e+00
4.442087428285656614e+00
4.442577707392477926e+00
4.448960902443124255e+00
4.449859455052618706e+00
4.451757248487580476e+00
4.452690631189748949e+00
4.453515648423245210e+00
4.459737677289706603e+00
4.463206236496884749e+00
4.464622193583924314e+00
4.466155011545141384e+00
4.466635032507569214e+00
4.467042573308799724e+00
4.473374239642907035e+00
4.480180441455447138e+00
4.480685756830659727e+00
4.482234925869718722e+00
4.484077107693525299e+00
4.488044293178332644e+00
4.496430229332763595e+00
4.496714124121691469e+00
4.496789568809053783e+00
4.498349464698913280e+00
4.502944596834917768e+00
4.504144403620954584e+00
4.505160456756235554e+00
4.509339425497095988e+00
4.510807400668217504e+00
4.511818314997817048e+00
4.513543299993064473e+00
4.520746878893298515e+00
4.524540345028282395e+00
4.526692865649649455e+00
4.530506669799408748e+00
4.535646502443909434e+00
4.535834088615738224e+00
4.540989632739222515e+00
4.543878340957288486e+00
4.547194890505078746e+00
4.553543956843404850e+00
4.559610662409446569e+00
4.563067516693894987e+00
4.566480463137918555e+00
4.568349879506285127e+00
4.575560365976575561e+00
4.579147947574301547e+00
4.595111922673405402e+00
4.600316666456047976e+00
4.600465055779937806e+00
4.602490979136739213e+00
4.602632256711876479e+00
4.605946687349769419e+00
4.609579324247311760e+00
4.609761055527993534e+00
4.614579855568811340e+00
4.616633843156005668e+00
4.618602889456826510e+00
4.623007906290657054e+00
4.625942044884896909e+00
4.629428805885926757e+00
4.631387100608709062e+00
4.631605653340376882e+00
4.636559097397055851e+00
4.636662222959246904e+00
4.638813791261841679e+00
4.652625088786466634e+00
4.653072416290799929e+00
4.654076572413957003e+00
4.654624940206203654e+00
4.658086529887022209e+00
4.663173075587412342e+00
4.665878744115827814e+00
4.667714822450595769e+00
4.672511500258348605e+00
4.680071011170106487e+00
4.682462506562796278e+00
4.687787565144707180e+00
4.689970368888115360e+00
4.691626037126366278e+00
4.698203853874962199e+00
4.698438027671858030e+00
4.698878353321944701e+00
4.701671073042927418e+00
4.702712281571661990e+00
4.703994218902942670e+00
4.704280699541132371e+00
4.712024886661771994e+00
4.715741824764430490e+00
4.718071746076669903e+00
4.718122587046364558e+00
4.719039777868674790e+00
4.722347010605298046e+00
4.724578652194306727e+00
4.726656030558668675e+00
4.727875587392468049e+00
4.728035418910589982e+00
4.733258727556524548e+00
4.733463431833942359e+00
4.738433154570923733e+00
4.738660362944637328e+00
4.739200288228598623e+00
4.740177696292771081e+00
4.740743338817960506e+00
4.742639497098426027e+00
4.743789207489016668e+00
4.745145214427078706e+00
4.747001742809218605e+00
4.747507331847617529e+00
4.747698800178452139e+00
4.748226680066814254e+00
4.755542999579199126e+00
4.762273358369065512e+00
4.767314398006995191e+00
4.772017768645393510e+00
4.772092038607435249e+00
4.777462067631417675e+00
4.777618639056485428e+00
4.779631882899043838e+00
4.782209468286007237e+00
4.784406512992242178e+00
4.786520861538633653e+00
4.792828494227913794e+00
4.797759483209949494e+00
4.800337644994916886e+00
4.801361936511240103e+00
4.806509226485444763e+00
4.813540598494683742e+00
4.818101341152500439e+00
4.819033334531664714e+00
4.819272918598390021e+00
4.822535832238842524e+00
4.826006331112307812e+00
4.826085785921712557e+00
4.826088023354813572e+00
4.827204503601176810e+00
4.827322619995968900e+00
4.839394675144369273e+00
4.842825870345855321e+00
4.843277373489325299e+00
4.843941278576687104e+00
4.845352637806618290e+00
4.845668075581715861e+00
4.847199119219475882e+00
4.849970697496053695e+00
4.850186197037035463e+00
4.851174369108771423e+00
4.853380554813703895e+00
4.855934876266308819e+00
4.860547098510458852e+00
4.862094286720202163e+00
4.862626672268732797e+00
4.865824938691892143e+00
4.867989743560039884e+00
4.870582803030147900e+00
4.874187774517775296e+00
4.874366919139067278e+00
4.876072117102323134e+00
4.878881580376846827e+00
4.881502840074936067e+00
4.884768647056816349e+00
4.886307247548580257e+00
4.888520999696396530e+00
4.889561186124566916e+00
4.893823645788505594e+00
4.894950976636883055e+00
4.896517382995379641e+00
4.897483342935846196e+00
4.899625716412004728e+00
4.902427785432593055e+00
4.907618627897715413e+00
4.917816833473175109e+00
4.920715440727935430e+00
4.923083251496021440e+00
4.935134205687819353e+00
4.939668819007892786e+00
4.940680215528500341e+00
4.940953586165503175e+00
4.942007848145590465e+00
4.942083028208875461e+00
4.942468305705355114e+00
4.946485610681144784e+00
4.948226127598060131e+00
4.956577065906932589e+00
4.958640590963145023e+00
4.958814254762894613e+00
4.963634939347590702e+00
4.967102761814440548e+00
4.970752657508879402e+00
4.981293454255321329e+00
4.987364350580236305e+00
4.988263536683242627e+00
4.992232589134310672e+00
4.994899622857606580e+00
4.995190353833901753e+00
4.996079464381377733e+00
4.997725427353993055e+00
4.997916550542467640e+00
4.998795425686505034e+00
5.002437960935696815e+00
5.003735271962802322e+00
5.005050608298581061e+00
5.012487565821356128e+00
5.014887645173613961e+00
5.020078182094689367e+00
5.020201815039428972e+00
5.023488188793301390e+00
5.025153126513061785e+00
5.035993106115753903e+00
5.038107409721193974e+00
5.040820376050277218e+00
5.042581009032978123e+00
5.043165205414349650e+00
5.045191590169837426e+00
5.045273283044417134e+00
5.050231201878075282e+00
5.050264722283220209e+00
5.051751582482134850e+00
5.052299577697798583e+00
5.054151008302307346e+00
5.059972846531244350e+00
5.060644354574722392e+00
5.063620378572582403e+00
5.070262907794071516e+00
5.071149664897183662e+00
5.072657455186289965e+00
5.080226064847528811e+00
5.081105982744530181e+00
5.083093005415893373e+00
5.090661821408825283e+00
5.093654799626362362e+00
5.103023559807115639e+00
5.106221866071794402e+00
5.107938470252102903e+00
5.113297318674209002e+00
5.115161667111435939e+00
5.115231821559423686e+00
5.121996308863349334e+00
5.122473768442637798e+00
5.123384332139877984e+00
5.123462871320840328e+00
5.126655712112877517e+00
5.128996058156062077e+00
5.129629670657684493e+00
5.130062917506570841e+00
5.135243789687977234e+00
5.137746263023482030e+00
5.139400827847532938e+00
5.140839450782063835e+00
5.142422719048888702e+00
5.146386524978483479e+00
5.146842449310782719e+00
5.147097797705298738e+00
5.148131992005447799e+00
5.154346098956859024e+00
5.155848068803035034e+00
5.164017198855622048e+00
5.167947090653378872e+00
5.175257872527351033e+00
5.176090593330216372e+00
5.176298189472472444e+00
5.178206834987579832e+00
5.179505019867847615e+00
5.182083020165234366e+00
5.183076428709147976e+00
5.183308126494099888e+00
5.186251276288746048e+00
5.186547004827955831e+00
5.186901969062733819e+00
5.188736076798232233e+00
5.190071922055957465e+00
5.191213062788831323e+00
5.198086551513511289e+00
5.199146064702580006e+00
5.202174911378515176e+00
5.209842488216239076e+00
5.210779571075064176e+00
5.213218566110565000e+00
5.215626010894922615e+00
5.219421347615589291e+00
5.222180133381474576e+00
5.223808826967580643e+00
5.225169843414190218e+00
5.229371816174113619e+00
5.231661606267539177e+00
5.237710984259739355e+00
5.238026987043320482e+00
5.238613882840591707e+00
5.239214348298978585e+00
5.242801260115421691e+00
5.243741168588250900e+00
5.244856501738786925e+00
5.245400341898285745e+00
5.248352274296012254e+00
5.252703416440963835e+00
5.255246801642697640e+00
5.257111642993795186e+00
5.261068757758044612e+00
5.261557991853104355e+00
5.262674304187210161e+00
5.274022395524879059e+00
5.275236968412586158e+00
5.280449882466158762e+00
5.283828276513274247e+00
5.288002999915789815e+00
5.290335738516580122e+00
5.290499861434791562e+00
5.292139478384266127e+00
5.293964069755952906e+00
5.299688166399351807e+00
5.303604735036103079e+00
5.305451784954309247e+00
5.307281782025087935e+00
5.311106547512925324e+00
5.316627955565098596e+00
5.317499886766019479e+00
5.321632724497834310e+00
5.325150653084754104e+00
5.325780208651512027e+00
5.327067255814782243e+00
5.327846806887537312e+00
5.327942627858360147e+00
5.328014024599792009e+00
5.329222882329223587e+00
5.329944967359748986e+00
5.332237585509486344e+00
5.333370206762035437e+00
5.341980558000080315e+00
5.344649282682466307e+00
5.356825445538823338e+00
5.359027299489667939e+00
5.359570893603397224e+00
5.360461164470300410e+00
5.365302916360299434e+00
5.365352168275253852e+00
5.392347672115298529e+00
5.396690716348188310e+00
5.397602669978336820e+00
5.400337047852792338e+00
5.401477926819072017e+00
5.401690645023894177e+00
5.406501951113968474e+00
5.407677884595716300e+00
5.408730510636418742e+00
5.410676886387268958e+00
5.412024568172985717e+00
5.414316923775721158e+00
5.415360839572327833e+00
5.415760657716422344e+00
5.418868821864383456e+00
5.424346497911107789e+00
5.431279756248856394e+00
5.435493351194156553e+00
5.441164433126290945e+00
5.442953837002798778e+00
5.444068049607544424e+00
5.453585480887311654e+00
5.454364396827283024e+00
5.455563009002734276e+00
5.455981873034864371e+00
5.457951657005227553e+00
5.460480082706205884e+00
5.461256852324243738e+00
5.461361845507546775e+00
5.465212273835325263e+00
5.465401288633676025e+00
5.467742005286090112e+00
5.472542971469973594e+00
5.473108548084447911e+00
5.477531104880820401e+00
5.479477344179001008e+00
5.481541839064973942e+00
5.484698672151345988e+00
5.486875795844019521e+00
5.495659363700884370e+00
5.497853602401511885e+00
5.498732121958372687e+00
5.501608670736767515e+00
5.510515850219077194e+00
5.515010457731543525e+00
5.515279310665293977e+00
5.517966447991254242e+00
5.520623403569715038e+00
5.522410278831081598e+00
5.522529203006056875e+00
5.525158308610906843e+00
5.525314645486950837e+00
5.526185760742792219e+00
5.526233598054743901e+00
5.527250806768694069e+00
5.528426296596777867e+00
5.530813090907539475e+00
5.532252783948442776e+00
5.536201632301052555e+00
5.537706561322141674e+00
5.538368432381502338e+00
5.538968504519426794e+00
5.540942209399244867e+00
5.541078670342399093e+00
5.541727373210548535e+00
5.542888153121186434e+00
5.542994930783101459e+00
5.543243972243127260e+00
5.549255935384992178e+00
5.551226666737398396e+00
5.551832656338467231e+00
5.553079848315878309e+00
5.560563301739163578e+00
5.561187394871430101e+00
5.562299072097191655e+00
5.565087007378600070e+00
5.565124707548191552e+00
5.565638293436378170e+00
5.566232890328160821e+00
5.566925825849347476e+00
5.567156882159524756e+00
5.567831037456277166e+00
5.570201259180647568e+00
5.571190371960978105e+00
5.576991969151813500e+00
5.578864237427255013e+00
5.581075807945270029e+00
5.583445720842735049e+00
5.584434321029967840e+00
5.585160919016831649e+00
5.586664861623393818e+00
5.586666400382761744e+00
5.588410013915892094e+00
5.589809155668746143e+00
5.590464675254498417e+00
5.593438158163177576e+00
5.599840236237184854e+00
5.602942035477069815e+00
5.606408776975718489e+00
5.611924264643025850e+00
5.612036186132676185e+00
5.613259743282205783e+00
5.615718447551929948e+00
5.616504084282525788e+00
5.617329210471257106e+00
5.617948784354455327e+00
5.618943328929312031e+00
5.620028107774966308e+00
5.625804749494845325e+00
5.626661355474162463e+00
5.630147664483116543e+00
5.633235537367543344e+00
5.634144619374220397e+00
5.634250154623930307e+00
5.634531221777652199e+00
5.637574044335215362e+00
5.638386193349819386e+00
5.638708332938406009e+00
5.639778222120646944e+00
5.641065363119277976e+00
5.642897507845760607e+00
5.644895827484257111e+00
5.646139534192898601e+00
5.649549929004369808e+00
5.650167546515829642e+00
5.652380005128960327e+00
5.655306857201733983e+00
5.657714485029310403e+00
5.660183878135880420e+00
5.660585097584311498e+00
5.663533329972697317e+00
5.668678825798351362e+00
5.674370319132876261e+00
5.677856553479904811e+00
5.678239524080263223e+00
5.682072270337883424e+00
5.682755510595878690e+00
5.684155710200516687e+00
5.692450543800969598e+00
5.698296361567162904e+00
5.698766150752625492e+00
5.703038853962131505e+00
5.711222765026517045e+00
5.713193895615199303e+00
5.714835071254481313e+00
5.716290460196240097e+00
5.716613018791951717e+00
5.716683458621505842e+00
5.717218497024140866e+00
5.717538413185070389e+00
5.721452406584544015e+00
5.723564518775921428e+00
5.724885735556091149e+00
5.725827289534364262e+00
5.726182286575654423e+00
5.726281564648727063e+00
5.729190926681551055e+00
5.731825535433051400e+00
5.733756319554695224e+00
5.735394457867344364e+00
5.735489798496242742e+00
5.736187473197297493e+00
5.737098025704765902e+00
5.737876046172106115e+00
5.743465395042709254e+00
5.746320140554172617e+00
5.753683096622357773e+00
5.755541952620570001e+00
5.757342106961190531e+00
5.759746319104320555e+00
5.765375942633428785e+00
5.771703511625887906e+00
5.773904005887116497e+00
5.779162529276349325e+00
5.781268219514409168e+00
5.781386726718090507e+00
5.784558886571741887e+00
5.793865057946668173e+00
5.796853497833102331e+00
5.797886776101019102e+00
5.802491974494713212e+00
5.802695015909733911e+00
5.804894116154597050e+00
5.808959846018096229e+00
5.814595346317408264e+00
5.814832260327464475e+00
5.817428744003080077e+00
5.819126503272853412e+00
5.825147576801496641e+00
5.826843529115881992e+00
5.828596415419794674e+00
5.831897791915629625e+00
5.845202839693304675e+00
5.847522802679426590e+00
5.853063129613753190e+00
5.853406309038073019e+00
5.858122132251835978e+00
5.858411005592726539e+00
5.860719001061193367e+00
5.861003560282560976e+00
5.863245431292660292e+00
5.864106805056458427e+00
5.864286233620433109e+00
5.864318637448879379e+00
5.864890662016509104e+00
5.867564258911589725e+00
5.870073680481913136e+00
5.880439591525764342e+00
5.884299300481146133e+00
5.887227684661726634e+00
5.888681344787178418e+00
5.889045811109733464e+00
5.889081382955076549e+00
5.893541773175851262e+00
5.898077121913088305e+00
5.902778355951219247e+00
5.904909211447492368e+00
5.905608295623177462e+00
5.909051697336519027e+00
5.909552749540080363e+00
5.909639392681260261e+00
5.910472130230808752e+00
5.918197584257554489e+00
5.924993229340360656e+00
5.925168132306716906e+00
5.926197793462595342e+00
5.929157267490197114e+00
5.930851823424117875e+00
5.931232745038827581e+00
5.934155747604795472e+00
5.938623355251064773e+00
5.943108276013242097e+00
5.944613651940841237e+00
5.950957449646457675e+00
5.958790780591004754e+00
5.959631806533714382e+00
5.959875182284402939e+00
5.961306321688116583e+00
5.961960750379006413e+00
5.965151970383100632e+00
5.967827926204373412e+00
5.969409629633673831e+00
5.971043710750281619e+00
5.971821810954599741e+00
5.972084618653859422e+00
5.972963280744760795e+00
5.974314860945042049e+00
5.974467688954502975e+00
5.976558341575943345e+00
5.979402220594459472e+00
5.986986429867365622e+00
5.993087675050518648e+00
5.993405292033500587e+00
5.995982833726825945e+00
6.001430448389797334e+00
6.002097398608298384e+00
6.004180390411906210e+00
6.010718935370569227e+00
6.011069363468716453e+00
6.014675783405849963e+00
6.015673033031703199e+00
6.015726562835797431e+00
6.019817989537724401e+00
6.021924616371868488e+00
6.024283488699784250e+00
6.024542585752011625e+00
6.025671984118812219e+00
6.028735224460470832e+00
6.029433431457090542e+00
6.031146549779264454e+00
6.031992923042038157e+00
6.032003290859942801e+00
6.036740937363333614e+00
6.040246002818681959e+00
6.043469111733417165e+00
6.044908575076393120e+00
6.045581717859949578e+00
6.049244491679099944e+00
6.050277477634812051e+00
6.051053189188723813e+00
6.055071559759809929e+00
6.058184659997470689e+00
6.058903920580426927e+00
6.060950296046242691e+00
6.063525022705941403e+00
6.066613497129867305e+00
6.067193295683257936e+00
6.070981838395556274e+00
6.076068981927861934e+00
6.079512534929336631e+00
6.082443064287483381e+00
6.092679265954221712e+00
6.093434906767024373e+00
6.094694484852102079e+00
6.095120107476590832e+00
6.100428299665376919e+00
6.101643810418078573e+00
6.102356293299307843e+00
6.103086799023844655e+00
6.105584883379043148e+00
6.109808752042955149e+00
6.112490233973487896e+00
6.114950815819732988e+00
6.116762676976774671e+00
6.118444414470673998e+00
6.118802975297366054e+00
6.118896798021094874e+00
6.120150271172819956e+00
6.127352054636222789e+00
6.128920385924589986e+00
6.129745687605586468e+00
6.130361902062384516e+00
6.130508607101290863e+00
6.130697286128343748e+00
6.142664669242949849e+00
6.147672157260372749e+00
6.148735480155017363e+00
6.152571627561031598e+00
6.154163196000015823e+00
6.155488158380399533e+00
6.158107043862424135e+00
6.158671563534024784e+00
6.159429143791935068e+00
6.161248907762128191e+00
6.162505870943006059e+00
6.164357656500541793e+00
6.172259280940146198e+00
6.172861479438854992e+00
6.172917454219057021e+00
6.173064711047216768e+00
6.176002932053327399e+00
6.185204927060223845e+00
6.185215465507154953e+00
6.185852625138847927e+00
6.188117126447450822e+00
6.188986883136296413e+00
6.190411981908648720e+00
6.195451141448880428e+00
6.195651328227195442e+00
6.196478522395013400e+00
6.201319429624072121e+00
6.207150519327015559e+00
6.209700844643664119e+00
6.210183119322225664e+00
6.211822942765381939e+00
6.214082822344578538e+00
6.214126014536566878e+00
6.214248266276443111e+00
6.215076663874071095e+00
6.215683548869195718e+00
6.219415498120444141e+00
6.222635977283812458e+00
6.223072050542889144e+00
6.223939978034340292e+00
6.224867587194486518e+00
6.227700948166222439e+00
6.230321656602407998e+00
6.231071313663269606e+00
6.231294858366189793e+00
6.233237257086992500e+00
6.236612983303306379e+00
6.241719213264548927e+00
6.242140354159295690e+00
6.242736247536870842e+00
6.249703256403284612e+00
6.250828955700410638e+00
6.254427693235363961e+00
6.255695857823797112e+00
6.256455890893725780e+00
6.271737871257530017e+00
6.278824161144894056e+00
6.282248494249065729e+00
6.288915820409553881e+00
6.292935441942434593e+00
6.293767373727450654e+00
6.295544478257241394e+00
6.295824318448270951e+00
6.297023604176924749e+00
6.305877277394396963e+00
6.307202836533474688e+00
6.313042059167747411e+00
6.313559770939734861e+00
6.313561367856493689e+00
6.317354215189854294e+00
6.321000754302199098e+00
6.322054026894559975e+00
6.325482334863991696e+00
6.326126022069706423e+00
6.332709294886608831e+00
6.335275408862673707e+00
6.341865861576859054e+00
6.344928868068218542e+00
6.345655212663421807e+00
6.347561892205823675e+00
6.348377647086614672e+00
6.352257419879699718e+00
6.352263304538506183e+00
6.354975127319836936e+00
6.361723806791504288e+00
6.365305705913489653e+00
6.366626746671403048e+00
6.368418321424814010e+00
6.369840197341483545e+00
6.370735772716096257e+00
6.371298401147766910e+00
6.373823654850820475e+00
6.374713800453563728e+00
6.375203194560890907e+00
6.376184579252139883e+00
6.377335275785696034e+00
6.377904206837679446e+00
6.378698285640016508e+00
6.380690296071537482e+00
6.383357629451634985e+00
6.386122541710197886e+00
6.388017133257903879e+00
6.388635865428370586e+00
6.391788026285954771e+00
6.392228152866550772e+00
6.393361786174492245e+00
6.394920295092542339e+00
6.396109287921354358e+00
6.398029502352287068e+00
6.401334878291907948e+00
6.403557254246559971e+00
6.408777107886320046e+00
6.409643926185813356e+00
6.412419981544447367e+00
6.413639872651041074e+00
6.418607301805976384e+00
6.419494481479533832e+00
6.420107121053061583e+00
6.423022654559886746e+00
6.424362314103564842e+00
6.426499532020040206e+00
6.429322091176321585e+00
6.429750881327985113e+00
6.433435881576352600e+00
6.436854023660902868e+00
6.438137775752002412e+00
6.441313903072725999e+00
6.441718432096089408e+00
6.442589463839254904e+00
6.444000705277048269e+00
6.450360890058619567e+00
6.451613461046543208e+00
6.453996288265531511e+00
6.454386505952014907e+00
6.454751915402915152e+00
6.461426196623088813e+00
6.464749873871918240e+00
6.469604897987432324e+00
6.472856855465285442e+00
6.473274591982933757e+00
6.475738423194901117e+00
6.476122474154500708e+00
6.479195739075936267e+00
6.488666381756591939e+00
6.498267038290094888e+00
6.499543059576617487e+00
6.505921902582779026e+00
6.509936743189132180e+00
6.511613948052596967e+00
6.513273670224313250e+00
6.515962774691506532e+00
6.516736691853949104e+00
6.519991494342889382e+00
6.521930299847005230e+00
6.536255459363006004e+00
6.538718707504330929e+00
6.538912748072350567e+00
6.540328014333057105e+00
6.551579420260159381e+00
6.553718251336234424e+00
6.555700671763324827e+00
6.556930212226509624e+00
6.561244162440973859e+00
6.561763141199522309e+00
6.564161620903437466e+00
6.568354588144885930e+00
6.569979836029135711e+00
6.576475715362571250e+00
6.577235801681954541e+00
6.579508216151637612e+00
6.580218678705334945e+00
6.584071089457118831e+00
6.593706299994403608e+00
6.596088788238244405e+00
6.596570624346386857e+00
6.596834022685622578e+00
6.602834655608088354e+00
6.603073673973492319e+00
6.608465819756857762e+00
6.608610810991304874e+00
6.611447007407203813e+00
6.619763867171520211e+00
6.638482419028372661e+00
6.642712800477745816e+00
6.643042989512535357e+00
6.646333221446183437e+00
6.654403506598345786e+00
6.661048701635214897e+00
6.662540461267002279e+00
6.662855210066453537e+00
6.662903302201918621e+00
6.665096391400830100e+00
6.665129906102328583e+00
6.672045314559764684e+00
6.676817666767071557e+00
6.678918428718506384e+00
6.682185827617431073e+00
6.683074633365840178e+00
6.686547030388624968e+00
6.693576768733386473e+00
6.698106269419708880e+00
6.699658747989024832e+00
6.709935835308135310e+00
6.721244466278857743e+00
6.721347330936229270e+00
6.723851503847248168e+00
6.727957125788591064e+00
6.728782509914496224e+00
6.735354389519020657e+00
6.739859059796251550e+00
6.744565219553488866e+00
6.747318652519079585e+00
6.753922128817736237e+00
6.754329077143988336e+00
6.755961270409275521e+00
6.757352093158989881e+00
6.759521943609657413e+00
6.772263824804153565e+00
6.773441004847796876e+00
6.774485054332566314e+00
6.778438116871868147e+00
6.778526840919907315e+00
6.779093802281434655e+00
6.779565236862753252e+00
6.780948077819590303e+00
6.784042925495063159e+00
6.784634269011816876e+00
6.788464565581571186e+00
6.793168234360576818e+00
6.795327747649433370e+00
6.796328964959265306e+00
6.796809250396329993e+00
6.798017887704693507e+00
6.802531063776285691e+00
6.807322276904284486e+00
6.807832744258587532e+00
6.824115601016870869e+00
6.824156285122491283e+00
6.831087251386814607e+00
6.831817226229815354e+00
6.832027712667334107e+00
6.833249740310761489e+00
6.834672883271796451e+00
6.834798459192836795e+00
6.838832132304599298e+00
6.842008850383015428e+00
6.842061408093587538e+00
6.842505796239534810e+00
6.848320277863918726e+00
6.858721984162627905e+00
6.859498054409300494e+00
6.860345220913847797e+00
6.867799395141058305e+00
6.869103208280180617e+00
6.869972000293916636e+00
6.872592882380393675e+00
6.875955148131981609e+00
6.876609546018743302e+00
6.882424831868051207e+00
6.884404549004977447e+00
6.885116550675755676e+00
6.885195705457082482e+00
6.886917619302239224e+00
6.887121920523495255e+00
6.890173890732065765e+00
6.891023389585964942e+00
6.893380568902571781e+00
6.895533827965039109e+00
6.899798299605713225e+00
6.903844618510966313e+00
6.908661563767887870e+00
6.914265201759241641e+00
6.916650858660912782e+00
6.917862654430926739e+00
6.919888378823116248e+00
6.921847234709350261e+00
6.922910840058658977e+00
6.925546542448629772e+00
6.927407021956891064e+00
6.928644715804003873e+00
6.928781999533763170e+00
6.930696823430738007e+00
6.932677906084394159e+00
6.936567633192166404e+00
6.944837151830342670e+00
6.952073879227469888e+00
6.952739102076185063e+00
6.954208866433971181e+00
6.956373980855929950e+00
6.961907963879908401e+00
6.963377230376681659e+00
6.980140922726763897e+00
6.986639269184578893e+00
6.990211531569886283e+00
6.990876115483067643e+00
6.991487135630390704e+00
6.993986230436259888e+00
6.994954808853074191e+00
7.000216271093075981e+00
7.002271411468337092e+00
7.004984827861812313e+00
7.011451097516983033e+00
7.011454670678341827e+00
7.012102959548250247e+00
7.012222397722707612e+00
7.016112770370726892e+00
7.017176571387263806e+00
7.017291692969217287e+00
7.017567685914504416e+00
7.020614428842244514e+00
7.020637094613016771e+00
7.021135283474950306e+00
7.040444603900259501e+00
7.045013747192564679e+00
7.050495948113750799e+00
7.051168862899822365e+00
7.055188584239330041e+00
7.065412810688181722e+00
7.070621819926654616e+00
7.077464483706100040e+00
7.086782829277151308e+00
7.089233487608945339e+00
7.090114847130227993e+00
7.090621603141308071e+00
7.103994982368905475e+00
7.109216785395435778e+00
7.116947772701678332e+00
7.118023988513539457e+00
7.122986320756375278e+00
7.125522974943412358e+00
7.127874608573256943e+00
7.136598303673721055e+00
7.136767244640735086e+00
7.149050024362471056e+00
7.159093836332074190e+00
7.160490908649141950e+00
7.165791016704581295e+00
7.171330977388732819e+00
7.174511126536997629e+00
7.176201415000688755e+00
7.183159112485597575e+00
7.184082585905973595e+00
7.188535751836324650e+00
7.191514504603106595e+00
7.195633153285574402e+00
7.204655813872335557e+00
7.217079808583734213e+00
7.218905113748609992e+00
7.224635443994259276e+00
7.225611811432100851e+00
7.227217488730895312e+00
7.231924839025939633e+00
7.234348995568034901e+00
7.238964247499703575e+00
7.250164310629954478e+00
7.250620091886216478e+00
7.274862449992723690e+00
7.290189323750811745e+00
7.293703140450494615e+00
7.296268657086914189e+00
7.304775946284331134e+00
7.307217402395608907e+00
7.325717199588320128e+00
7.340142634729672544e+00
7.357911103725522040e+00
7.358753945130537488e+00
7.370483565766282830e+00
7.382196876133855667e+00
7.382933368218732362e+00
7.383360276797758637e+00
7.385346203515159580e+00
7.385512302855668842e+00
7.402002564928222839e+00
7.410158130113331687e+00
7.410650145756185303e+00
7.421061438656222364e+00
7.424322120223081356e+00
7.427807198481310991e+00
7.429157243533572874e+00
7.431751327413862462e+00
7.440415216934956000e+00
7.456769017146104517e+00
7.457769694272863958e+00
7.458630451645683834e+00
7.460539715446438791e+00
7.463263891125578198e+00
7.472787342087533702e+00
7.475724836773731674e+00
7.479309843727888207e+00
7.482788110592223596e+00
7.489302995615039649e+00
7.501450580577288640e+00
7.501817926744973164e+00
7.506027597752606972e+00
7.510519326207345081e+00
7.513090357460302293e+00
7.517165113100514162e+00
7.532082623455495174e+00
7.543512559952969099e+00
7.555583714457653421e+00
7.560134844261946263e+00
7.564727148478480601e+00
7.566136366817675984e+00
7.569662335205673998e+00
7.576233092053052509e+00
7.579067934727129696e+00
7.600478683217460230e+00
7.603431884941364238e+00
7.609613704952773894e+00
7.611068569011854024e+00
7.615282576806963633e+00
7.617730848067595595e+00
7.624587758996682396e+00
7.625498348762162593e+00
7.627405756433899953e+00
7.643948411312114111e+00
7.647366565908314762e+00
7.651267042421987519e+00
7.655558841806278103e+00
7.656120919758064858e+00
7.671674660317955308e+00
7.682451988363138362e+00
7.695403719164722212e+00
7.697041989934167106e+00
7.698505145411803419e+00
7.699330996824819806e+00
7.704047171618380929e+00
7.706050861054499101e+00
7.706332448697251536e+00
7.718582436962744708e+00
