3.832218400383161416e+00
3.836133999594070421e+00
3.842594569896294665e+00
3.843637549214379057e+00
3.848371060742231897e+00
3.849791035701578323e+00
3.853644329990379092e+00
3.854953631474180131e+00
3.857658257383750566e+00
3.863640540322116124e+00
3.863992409928718619e+00
3.878181033288889523e+00
3.879625067978113684e+00
3.879903422304264105e+00
3.884561956099247926e+00
3.885539712683486968e+00
3.887451695184895861e+00
3.887939170043303250e+00
3.891059862363861033e+00
3.892021139932567930e+00
3.893632668166435717e+00
3.895349745529272045e+00
3.896837159665656358e+00
3.896943116756709458e+00
3.896970476136185191e+00
3.899631941773852528e+00
3.905823512488602489e+00
3.909131894677392971e+00
3.909382295019224074e+00
3.912025636984132415e+00
3.912993312503244336e+00
3.917983278620171372e+00
3.918353107346013164e+00
3.918860967845975374e+00
3.928177142920181275e+00
3.929824138361396102e+00
3.930328144864760453e+00
3.932890361924606726e+00
3.939016170417867890e+00
3.944736155963971314e+00
3.945524853734142301e+00
3.946425624279923383e+00
3.946460195112992064e+00
3.946828492379589992e+00
3.952107834660844699e+00
3.956835708913847061e+00
3.957799266617925138e+00
3.961559394131830114e+00
3.961742946370758300e+00
3.962684707835132158e+00
3.962825856143218584e+00
3.963409199142940320e+00
3.969211443958915009e+00
3.971310109646676079e+00
3.976377069183836266e+00
3.980738050166934272e+00
3.981719003834112147e+00
3.991041233610619798e+00
3.992317618096652421e+00
3.998199684257720765e+00
4.000767465926734268e+00
4.002678254424676396e+00
4.008864502975162836e+00
4.009801313427291625e+00
4.010532511619340212e+00
4.016163250668423501e+00
4.018785629388857750e+00
4.019209611177593899e+00
4.019573326163044413e+00
4.021887929590646671e+00
4.022187350081701140e+00
4.028432237088471091e+00
4.031012743807673715e+00
4.032766660699626193e+00
4.033308198649333320e+00
4.034170794430473883e+00
4.035478422713146607e+00
4.035660086013051817e+00
4.048280977344010267e+00
4.051295195460767218e+00
4.052490527677910848e+00
4.053544683264105331e+00
4.056563976399300664e+00
4.056846839997387377e+00
4.057821025826841677e+00
4.057981309796280911e+00
4.058966790011145243e+00
4.060081971424718716e+00
4.060199751755289022e+00
4.061257322625664301e+00
4.061623709256861225e+00
4.066171703923135539e+00
4.068530493036886853e+00
4.075681764666198248e+00
4.077848127150745405e+00
4.078844296515049983e+00
4.084166212492890580e+00
4.084973879886933723e+00
4.089979645918306872e+00
4.091955422622395311e+00
4.092088513130302196e+00
4.093900689549320404e+00
4.095355981699954739e+00
4.101205821669156038e+00
4.101824218872838657e+00
4.107719501679860663e+00
4.110770926503405143e+00
4.113146909101330628e+00
4.118587253870741982e+00
4.119470308141962356e+00
4.120492824730826342e+00
4.121171621129502860e+00
4.121366991978920424e+00
4.122735367437341480e+00
4.124810953949382686e+00
4.125418011826500475e+00
4.125731855111689050e+00
4.126852509469108199e+00
4.127630314693696789e+00
4.130069379223272108e+00
4.131707048534471127e+00
4.136753156818794075e+00
4.141828015369594773e+00
4.143943099788112150e+00
4.147409942498164526e+00
4.148684921124812242e+00
4.155773445314473236e+00
4.157439002020485219e+00
4.158321333005531528e+00
4.158900760909032712e+00
4.159032287642702386e+00
4.159466885122666824e+00
4.159947438241490936e+00
4.161760413707475514e+00
4.162005138097905288e+00
4.162992062712074670e+00
4.165882251470003794e+00
4.166600210399459492e+00
4.167719110087178436e+00
4.173331833419708481e+00
4.176441183753524911e+00
4.176757512648703319e+00
4.183278612071185343e+00
4.186481687086329728e+00
4.186585014483078737e+00
4.189553280640455846e+00
4.192093536866972947e+00
4.193299715736152677e+00
4.196440304095457208e+00
4.198785427223898914e+00
4.203584768848677378e+00
4.205142533480110245e+00
4.205414893746615590e+00
4.205489644537173000e+00
4.205535177414732928e+00
4.207330136695226486e+00
4.207393003933737496e+00
4.213939151207228839e+00
4.215818301258223322e+00
4.216444968109460234e+00
4.218949946779209093e+00
4.219346344374308444e+00
4.221874932928932900e+00
4.222994072476667249e+00
4.223073377417524199e+00
4.225361478406692406e+00
4.226373626286028973e+00
4.227419691232169541e+00
4.227579642772831825e+00
4.231435521527678212e+00
4.233322526165809840e+00
4.233386419470376971e+00
4.242977663630572494e+00
4.243569609688137234e+00
4.243898807323312816e+00
4.244547011164160111e+00
4.248114153833471462e+00
4.249702647433669433e+00
4.250592295862867687e+00
4.250939903362368710e+00
4.253141281112692518e+00
4.256254068440740390e+00
4.257221849627533139e+00
4.260096112620615827e+00
4.261178738909213060e+00
4.268227703748108226e+00
4.273971468359041737e+00
4.274646248521054126e+00
4.274681243054454072e+00
4.277750470660955706e+00
4.278931903064064457e+00
4.280435339516267312e+00
4.282249283778086557e+00
4.284522284053042362e+00
4.284617653406234794e+00
4.285532653444275475e+00
4.285628120166156130e+00
4.288543022682296701e+00
4.288735599138537857e+00
4.289139125524253693e+00
4.294468209741051368e+00
4.294486131133372631e+00
4.294825729422687033e+00
4.298689719237531293e+00
4.300406842597540802e+00
4.302019480154248399e+00
4.302104699388620723e+00
4.302882111893747918e+00
4.307614042640339314e+00
4.308003400017256901e+00
4.308747775093298316e+00
4.309003139350620515e+00
4.310211124412091976e+00
4.311138129041528266e+00
4.312579363364429597e+00
4.320931971769533142e+00
4.328265747308438272e+00
4.330575598338853638e+00
4.332685638087391489e+00
4.333382603829992519e+00
4.335297697499730596e+00
4.338631661318594013e+00
4.343730378389058622e+00
4.344423839795412690e+00
4.353836077612215583e+00
4.354098169682939279e+00
4.357660242230100067e+00
4.358288825185923976e+00
4.360236283722175976e+00
4.361050911405582653e+00
4.365312395111484278e+00
4.371910614350865920e+00
4.374961786333206426e+00
4.376587828678629499e+00
4.377487374497978756e+00
4.380610686317262470e+00
4.383679398013311967e+00
4.384481883404915514e+00
4.385986539517823246e+00
4.386108707250524041e+00
4.386929070517296303e+00
4.386956566349060616e+00
4.389905275338462864e+00
4.390543183542322758e+00
4.391153828309474427e+00
4.393507852050799301e+00
4.396099599811954306e+00
4.397205807029831881e+00
4.399014588304962281e+00
4.399735542915037101e+00
4.401569081748860413e+00
4.402374588733950489e+00
4.403776122690758577e+00
4.404568567557477721e+00
4.404581954932202947e+00
4.405444492966688053e+00
4.406866255039503244e+00
4.408836225162062306e+00
4.413840403695287407e+00
4.416503528185759642e+00
4.417425292105254364e+00
4.419908140038667277e+00
4.422687866530382372e+00
4.423413057102322021e+00
4.425425983764790239e+00
4.426414410750491690e+00
4.429738190441548262e+00
4.429741330509015640e+00
4.431438602221793310e+00
4.431446197169099932e+00
4.431585599659236152e+00
4.433321126983906346e+00
4.437059010047446961e+00
4.443347410207080905e+00
4.443525025397270234e+00
4.443647139968761373e+00
4.443662485593984357e+00
4.444818777840745305e+00
4.447944954143096652e+00
4.448454590401824227e+00
4.449548994015832371e+00
4.450014260728628379e+00
4.452555613933249390e+00
4.454277841493317958e+00
4.454655826745843150e+00
4.455778018771500371e+00
4.455949679825160992e+00
4.456089227028899202e+00
4.456442513636528879e+00
4.457215403834469569e+00
4.457950411978324645e+00
4.460117222999262054e+00
4.460733603854725615e+00
4.462543059080217311e+00
4.463053903131551259e+00
4.463845580370065846e+00
4.466793019298557432e+00
4.467450631332603450e+00
4.473103255508855902e+00
4.473423316842809250e+00
4.481096210672101066e+00
4.485249990530330244e+00
4.487462163637365720e+00
4.487734982893555546e+00
4.490071785220565381e+00
4.491682391212703074e+00
4.491801453650756670e+00
4.494022512414936443e+00
4.495238103697594134e+00
4.495582849579737861e+00
4.496776522257661668e+00
4.498894049442029086e+00
4.499140927712632632e+00
4.504213306360919766e+00
4.507984593506614956e+00
4.511284783417561783e+00
4.514177665922954219e+00
4.515364216529232699e+00
4.515985338280611217e+00
4.524421239179782894e+00
4.525358150189175532e+00
4.526192142114905614e+00
4.527938632853546252e+00
4.529822664778519581e+00
4.531548718122873964e+00
4.531568067271390277e+00
4.532970354347672703e+00
4.536078304927067428e+00
4.536530501534733695e+00
4.536693567207867872e+00
4.537735130451996390e+00
4.538713359044908024e+00
4.540007393562904170e+00
4.541788440523751191e+00
4.542298916849675905e+00
4.544575083416521721e+00
4.545536472224212865e+00
4.545941958153221663e+00
4.546371153031364187e+00
4.546925519822463180e+00
4.549924312870508025e+00
4.550832420023321667e+00
4.553262957839150360e+00
4.554270458753617135e+00
4.554418093509704946e+00
4.559229749844837976e+00
4.561404713379138443e+00
4.562017150316124869e+00
4.563792159025951811e+00
4.564474597328167960e+00
4.565070543267686354e+00
4.565355511324087345e+00
4.566383317412254783e+00
4.567026399740908182e+00
4.569766405822910826e+00
4.570567373621619467e+00
4.571954616334702237e+00
4.573557687710445130e+00
4.573676196256079685e+00
4.573834429859966022e+00
4.575057089140435629e+00
4.575988387108905542e+00
4.576663341315120981e+00
4.577944842897458955e+00
4.578127757358496197e+00
4.578415160168183284e+00
4.579124589846069959e+00
4.579825975029360841e+00
4.581216041324985611e+00
4.582046695401581715e+00
4.582957836903457149e+00
4.583763986369070231e+00
4.585560873916525892e+00
4.585606817167265703e+00
4.586171992572845468e+00
4.586711139523504066e+00
4.586921687976819761e+00
4.590312323242852877e+00
4.590735187813017149e+00
4.591405842174507868e+00
4.591424705537738404e+00
4.595589928711745209e+00
4.596292353132614750e+00
4.597649693288738071e+00
4.598012603961142197e+00
4.599178430582951727e+00
4.602238838517019204e+00
4.605696443780527893e+00
4.609718566317750899e+00
4.610083925642695313e+00
4.610190722826604137e+00
4.611643494231908669e+00
4.614619219901488378e+00
4.614822531578082199e+00
4.622697512194002378e+00
4.623089349905766809e+00
4.630132013346618614e+00
4.630168173923679298e+00
4.631426311848780841e+00
4.632160058676758396e+00
4.632630997271326656e+00
4.634742078231093743e+00
4.634983422101491612e+00
4.636065716159806449e+00
4.636581902657462173e+00
4.637835314747155380e+00
4.638294950202707767e+00
4.638369368068167020e+00
4.640114103513298005e+00
4.640121282947760939e+00
4.640605712449293208e+00
4.641093548919098311e+00
4.641880667351004242e+00
4.642731561725309319e+00
4.644918617637609159e+00
4.645062056480611545e+00
4.645229888162021759e+00
4.645232010053170768e+00
4.649937499005830865e+00
4.653457350039719387e+00
4.654087449517340325e+00
4.654795198480711882e+00
4.655462874229912451e+00
4.656613821087606908e+00
4.657190753351675205e+00
4.657893537685154683e+00
4.661021517498028288e+00
4.661580744974908264e+00
4.662885323100273816e+00
4.663642309842154887e+00
4.665808532310627754e+00
4.668435482938734893e+00
4.668586283020603744e+00
4.671800890722511923e+00
4.672195482392214494e+00
4.672432753250006954e+00
4.676703918626271772e+00
4.677200868546542267e+00
4.677988804472564155e+00
4.678041679889902937e+00
4.678137559317190330e+00
4.678437281010339177e+00
4.680335866582114868e+00
4.680470579808766018e+00
4.680942724729175275e+00
4.682749576323772978e+00
4.682835731280079905e+00
4.686911183232949973e+00
4.688408141467997226e+00
4.690927513978394359e+00
4.690981098717506903e+00
4.693272853528155153e+00
4.697111925065316385e+00
4.698089950897591294e+00
4.698823551400741039e+00
4.701666664482164748e+00
4.703409043286305824e+00
4.704704972970604970e+00
4.704802984061753790e+00
4.706530683848097141e+00
4.709564986557762012e+00
4.712599676135456050e+00
4.713175964843056676e+00
4.713537807261668711e+00
4.713584520895507168e+00
4.716416488338156299e+00
4.718292311562418462e+00
4.721949834868513385e+00
4.725341644186810797e+00
4.726189869711086899e+00
4.726753037937837298e+00
4.728364292416815218e+00
4.728913968260598288e+00
4.729290193772873074e+00
4.732599766245910722e+00
4.732969729408759818e+00
4.738612268119037019e+00
4.743152178257112439e+00
4.745783158021557036e+00
4.746454598537188652e+00
4.748826817491691443e+00
4.750815105386791082e+00
4.751586560930030956e+00
4.752985983364769851e+00
4.755153777140583848e+00
4.756311229645504568e+00
4.757364064822240834e+00
4.757553493398047451e+00
4.758724996818801678e+00
4.760427785427025604e+00
4.760963069482454735e+00
4.762026303824849371e+00
4.763546429934276460e+00
4.764157702152302498e+00
4.764203994900014116e+00
4.766081973912151604e+00
4.766160761673998714e+00
4.766484716791326015e+00
4.767434687189010312e+00
4.768354151857054468e+00
4.768587279241676136e+00
4.768644691057987828e+00
4.770318580723303725e+00
4.770339413753740487e+00
4.770853417516341288e+00
4.771263358975081026e+00
4.771496977999084343e+00
4.771777251079651450e+00
4.772466450420885131e+00
4.772831216120251518e+00
4.774428941654995207e+00
4.775700233892069768e+00
4.776215029893423392e+00
4.776892041112717813e+00
4.777022404043860249e+00
4.777513499231395677e+00
4.780190843531095801e+00
4.780575751207590152e+00
4.781092284625641398e+00
4.781830646568531407e+00
4.782888809882637204e+00
4.784609174959597588e+00
4.784621152692285939e+00
4.784824208421074587e+00
4.785667976340950425e+00
4.785821403332783497e+00
4.791947527514922811e+00
4.792455384729111145e+00
4.794974687198529928e+00
4.795569067807226027e+00
4.796509552590640268e+00
4.796645953223365844e+00
4.797197326265037809e+00
4.798303908855891642e+00
4.800391665097732741e+00
4.806565270685895896e+00
4.808430952656280510e+00
4.808741049651374944e+00
4.808934104570283807e+00
4.809675928659115307e+00
4.812817225796179876e+00
4.813736522398667006e+00
4.815535079333891133e+00
4.815698855714113158e+00
4.816200729881531473e+00
4.821023416421902574e+00
4.821747390255945120e+00
4.823632602627846211e+00
4.824204766316243287e+00
4.827858866833196316e+00
4.828609357046455663e+00
4.829193820769879686e+00
4.829957838908965684e+00
4.830174205963710499e+00
4.830378115932182581e+00
4.834028061989413594e+00
4.834743479851433712e+00
4.835987088851706694e+00
4.836356086241274888e+00
4.836790178145387920e+00
4.840221247183391640e+00
4.840886672829766368e+00
4.843219509186835303e+00
4.843287232666245501e+00
4.844090413247344351e+00
4.845098705516793558e+00
4.846188838368687968e+00
4.848172167093087737e+00
4.850064891125875910e+00
4.851999284093672316e+00
4.855535118562156249e+00
4.856724960968229254e+00
4.858240914747027794e+00
4.860757365905970850e+00
4.863855546029343557e+00
4.864838466184920662e+00
4.864952528277742161e+00
4.867188076606877800e+00
4.871465515284576497e+00
4.872719147832095032e+00
4.873088063361395328e+00
4.873448977563702655e+00
4.875167082840891730e+00
4.877026665803722238e+00
4.878791128681382538e+00
4.879161753565435689e+00
4.879497075137479101e+00
4.880817168981486986e+00
4.880888501492612441e+00
4.882529472043761309e+00
4.885008613485406492e+00
4.885891905908174238e+00
4.887176575705238335e+00
4.888013777711845975e+00
4.891155063482676368e+00
4.893056419269327328e+00
4.893113167868350821e+00
4.896533217201238131e+00
4.897332760959485221e+00
4.897587976916615737e+00
4.898961516379347181e+00
4.899380990253687784e+00
4.899481857755262126e+00
4.899941691293380863e+00
4.900517259130613645e+00
4.902837713871877945e+00
4.903917491310605392e+00
4.906677290282537740e+00
4.907442048184740280e+00
4.907803570814841976e+00
4.911418461362101695e+00
4.912758530685616520e+00
4.914302581312479212e+00
4.915667201503926442e+00
4.917487129931617851e+00
4.920372389655786272e+00
4.921386655475100902e+00
4.922237131473478300e+00
4.925424238606248117e+00
4.927579736579904335e+00
4.930312074793318899e+00
4.930646732051733316e+00
4.934387298656021770e+00
4.935105068834527486e+00
4.936564032796298740e+00
4.940665143962879036e+00
4.941128751527006813e+00
4.941431624026328961e+00
4.942421431814428168e+00
4.943537634272868075e+00
4.945089762748794193e+00
4.945551782474151281e+00
4.945719705522580334e+00
4.947757949994122662e+00
4.948979109911801011e+00
4.949195170010593614e+00
4.949210174941382157e+00
4.951440331140464224e+00
4.951672588122508323e+00
4.952143332812747545e+00
4.952456983309535765e+00
4.953729758580580622e+00
4.957674791238915191e+00
4.959823287485391141e+00
4.961800835538000776e+00
4.969259011380370517e+00
4.970289336291111582e+00
4.971171333569078143e+00
4.971469959065766275e+00
4.972375204383242320e+00
4.972860285114595769e+00
4.976642044313492441e+00
4.977283058360527868e+00
4.978880604356198170e+00
4.979802446676223404e+00
4.980434624972965629e+00
4.980865057418756514e+00
4.980984438986509666e+00
4.981296773059294303e+00
4.985216850330967731e+00
4.986557575952450527e+00
4.987321406063861318e+00
4.988071869884699971e+00
4.991412612259096271e+00
4.991553040806404162e+00
4.991599221971258160e+00
4.991857096539359162e+00
4.992057953089741318e+00
4.992659091195174703e+00
4.993912524557932997e+00
4.995123754999948318e+00
4.995441603556076693e+00
4.995605600851596328e+00
4.997318950786230118e+00
4.999197135783225221e+00
5.000240226727822979e+00
5.001928173311788406e+00
5.003046246274375441e+00
5.003233318624844550e+00
5.003633320476665425e+00
5.006804019743424483e+00
5.007581949003067301e+00
5.007851596147456341e+00
5.008156767191850989e+00
5.009681010715213212e+00
5.010587504156482908e+00
5.012644466212902827e+00
5.013464223642155382e+00
5.014386975069238694e+00
5.015311662643039625e+00
5.015826138508436394e+00
5.016818299106540202e+00
5.018581247833934889e+00
5.021176958084047293e+00
5.021918560358552774e+00
5.022341672829169212e+00
5.023253382475297180e+00
5.028071602612175006e+00
5.028278754525697281e+00
5.028576146803493074e+00
5.031414752157863823e+00
5.031937407569803788e+00
5.032327624539146171e+00
5.032895942305004588e+00
5.033541137408989563e+00
5.036186034442284409e+00
5.037755359865515814e+00
5.038370711983769290e+00
5.038414134476262518e+00
5.038745325946560882e+00
5.039524595914543603e+00
5.040482802116379446e+00
5.040690120927560969e+00
5.041249267768902698e+00
5.042796374874020771e+00
5.042842458847367482e+00
5.049066220739324429e+00
5.050905704813914987e+00
5.051765548468881484e+00
5.052099840128841279e+00
5.053127957863392972e+00
5.055577444095902706e+00
5.056377139008376709e+00
5.057026814680617655e+00
5.057594586965063144e+00
5.059061599288718014e+00
5.060387981232519650e+00
5.061001697152609502e+00
5.062416385522248596e+00
5.062643998971712911e+00
5.063065339960556521e+00
5.064283735874407277e+00
5.064498026075703763e+00
5.064562005736997996e+00
5.065636845982995240e+00
5.065642452751368374e+00
5.068059490391007671e+00
5.068174557592032059e+00
5.070330191479471615e+00
5.071113398352447454e+00
5.071502964370283806e+00
5.072960091690552176e+00
5.073391998208364839e+00
5.074424664103694305e+00
5.075660547464137196e+00
5.076883528071485685e+00
5.079218091582131223e+00
5.080843015790891037e+00
5.082439824439308751e+00
5.084451531820037395e+00
5.091821430697747175e+00
5.094612148587613021e+00
5.095037649506158672e+00
5.095848473058826045e+00
5.096281047525269337e+00
5.096858793650530295e+00
5.101669926138422184e+00
5.103310089903096980e+00
5.103652651749822411e+00
5.107237262138912826e+00
5.108140251486644523e+00
5.110239054287398552e+00
5.110618440867070511e+00
5.110980129902962688e+00
5.114119260954383073e+00
5.118521274887691597e+00
5.122342216664347525e+00
5.123015742431630493e+00
5.126693695933624895e+00
5.128124738602531707e+00
5.130399259116957822e+00
5.130495081980778416e+00
5.131400864298835351e+00
5.132379069523429038e+00
5.132640867344633762e+00
5.132817437487113388e+00
5.134659515208968017e+00
5.134787613483307034e+00
5.135247569058312145e+00
5.136304323504274016e+00
5.137564240098115853e+00
5.139054190319168214e+00
5.140701894170438990e+00
5.142311445315564278e+00
5.142936759584036288e+00
5.143810644492095463e+00
5.144038229770189652e+00
5.144914075466099135e+00
5.146136505188828814e+00
5.149138004218309916e+00
5.149589073361986458e+00
5.151546714137567484e+00
5.152624810866330840e+00
5.153920756651801049e+00
5.155000193059108504e+00
5.158145464229169974e+00
5.158359854968416869e+00
5.159134139492948634e+00
5.159291808890384523e+00
5.162725404512542582e+00
5.163753426920003164e+00
5.168010092160455926e+00
5.169043486793295727e+00
5.169476708520845065e+00
5.170432903027939453e+00
5.170996305697637574e+00
5.171495735833513407e+00
5.173343876595862589e+00
5.173390511662047331e+00
5.178997369949114749e+00
5.180386640372342200e+00
5.182756154568913587e+00
5.187252656883816648e+00
5.188714858952354625e+00
5.190329514256379895e+00
5.190977500699372804e+00
5.192461991274365474e+00
5.192857000270287848e+00
5.195296693565089718e+00
5.195960256715707715e+00
5.196397193811156612e+00
5.197633928378068369e+00
5.198947925519625812e+00
5.202043588663498141e+00
5.202496283582845216e+00
5.204092002859312949e+00
5.207444826580299946e+00
5.209341292526439737e+00
5.211717151677618176e+00
5.211829113704876448e+00
5.212979266009290846e+00
5.215977657259655231e+00
5.219953236993264412e+00
5.220349935460843582e+00
5.222247065094778762e+00
5.222712055686184129e+00
5.225614894234601238e+00
5.226890751316492612e+00
5.227210346984597855e+00
5.227459926505049204e+00
5.228115537900810850e+00
5.229445325471346884e+00
5.232582754945113379e+00
5.236445388833272041e+00
5.237929313056136849e+00
5.240236587919988587e+00
5.242843674540954346e+00
5.244616152262653763e+00
5.248349192148379139e+00
5.248869699998919280e+00
5.250530874684008253e+00
5.251987686711164116e+00
5.252164849078778452e+00
5.254018573997022656e+00
5.254647220766880622e+00
5.258234733687358720e+00
5.259860948028003413e+00
5.261678832077101298e+00
5.261698950302005962e+00
5.266584546679999868e+00
5.271071015458825393e+00
5.271192146734085426e+00
5.275654916024368646e+00
5.277958827052182222e+00
5.281396771776656784e+00
5.282507203352723835e+00
5.284389113219909007e+00
5.285676602248796208e+00
5.286212534654368689e+00
5.288937181736382165e+00
5.292211456826106719e+00
5.293415140559103449e+00
5.296867646760407666e+00
5.297691605925140657e+00
5.300011135120633377e+00
5.304033084164792911e+00
5.304373719627681893e+00
5.306080069523434695e+00
5.308250017838409107e+00
5.309903575896106176e+00
5.310476978656934577e+00
5.312155759737514416e+00
5.312373645265157762e+00
5.313033264332441163e+00
5.313064221827922040e+00
5.313955455995795774e+00
5.313985557427962192e+00
5.315812588230057756e+00
5.317245642605810119e+00
5.320023113662216474e+00
5.321113738578364227e+00
5.324903919962225451e+00
5.325681487754160948e+00
5.326430260365945912e+00
5.328184661095579422e+00
5.329604430919991032e+00
5.331228426662944386e+00
5.331847669111233756e+00
5.333961495893177585e+00
5.334528999781976921e+00
5.335135855868907484e+00
5.335196373948926762e+00
5.335572989090926477e+00
5.336573420742086959e+00
5.338977990562407960e+00
5.341301216083566672e+00
5.342695802671472372e+00
5.343048368418510385e+00
5.343197322307209340e+00
5.343685282983490659e+00
5.349140511326301528e+00
5.349454548248575136e+00
5.350233702153519566e+00
5.352539232449495366e+00
5.352764343227272903e+00
5.353817567624332696e+00
5.357587175262799484e+00
5.357630460114455317e+00
5.357923548146040993e+00
5.358997616493528682e+00
5.359254997505052742e+00
5.362782909193891001e+00
5.362907909039250853e+00
5.363299766502423793e+00
5.364527624864019018e+00
5.365795346850952718e+00
5.367935375203669146e+00
5.368000464790275927e+00
5.368000490792838697e+00
5.368772238188557644e+00
5.369621515517829735e+00
5.369968577852773706e+00
5.373055182123919415e+00
5.373496035609186983e+00
5.377794712879080841e+00
5.380939220973428583e+00
5.381361042776632964e+00
5.381441188885367488e+00
5.382548394948281079e+00
5.383946217572393778e+00
5.386422483496341229e+00
5.387578075472169381e+00
5.388615893262874934e+00
5.388963024098718968e+00
5.391742115689029724e+00
5.392383996040992500e+00
5.393711995748196486e+00
5.394803868481737652e+00
5.394836170654795815e+00
5.395300638173545771e+00
5.395936837640894268e+00
5.396152989392158261e+00
5.396247483098426834e+00
5.398802199428273774e+00
5.400174743902721453e+00
5.401306460094931872e+00
5.402293444435128933e+00
5.403953589542436653e+00
5.404781558880607406e+00
5.406179880696971196e+00
5.406481212435359396e+00
5.407189747887075626e+00
5.407781358907997493e+00
5.408247002970155037e+00
5.408504163839279677e+00
5.409520000372221915e+00
5.410783951426483718e+00
5.415074275666207804e+00
5.417683330040445000e+00
5.418968561915224136e+00
5.426032902120820012e+00
5.429214013698998365e+00
5.430435297384597959e+00
5.433751785553303293e+00
5.438244849433957917e+00
5.439225008250306637e+00
5.440280352514946571e+00
5.443326680153398378e+00
5.443610340946095860e+00
5.448043495437885575e+00
5.449446858763230317e+00
5.449608648191199833e+00
5.449857315082823561e+00
5.454572733054977363e+00
5.457389517477854390e+00
5.457898337734603977e+00
5.459561168856534863e+00
5.459775967386895523e+00
5.461428009171911846e+00
5.463244417240970208e+00
5.467621327605091786e+00
5.469732508118418934e+00
5.470343484773497522e+00
5.471127556875428510e+00
5.475294960270312927e+00
5.475471364806100638e+00
5.476052253521884516e+00
5.476188242755000601e+00
5.476671601341332796e+00
5.481719967043304997e+00
5.483901511519214900e+00
5.484763479881257453e+00
5.486411369437108831e+00
5.487742667178491018e+00
5.488281721870278851e+00
5.488294666646545750e+00
5.489226182522137343e+00
5.491215535441568818e+00
5.491398100827884932e+00
5.493901310434639029e+00
5.495609761815101635e+00
5.497069783332441339e+00
5.497894778134942761e+00
5.503447859671221742e+00
5.504029581212132705e+00
5.507703835664431224e+00
5.508248183506523787e+00
5.508373112025275908e+00
5.508547243662532900e+00
5.509098471296557165e+00
5.510142823612754093e+00
5.510160780962929827e+00
5.510570532647433240e+00
5.510736942701969454e+00
5.512496602222891617e+00
5.512969222395154745e+00
5.518243557662019683e+00
5.519023389829084358e+00
5.519778405221447137e+00
5.519845470906816765e+00
5.519867270433635120e+00
5.521377136665233998e+00
5.521858727294104874e+00
5.523094026619124186e+00
5.523223883657624178e+00
5.525566048299123345e+00
5.527654450992458557e+00
5.527818705839514735e+00
5.533517758770734929e+00
5.533891072390832555e+00
5.534429108286792243e+00
5.535496197104015081e+00
5.535551009545486956e+00
5.537173044626918283e+00
5.538208469445786264e+00
5.538896663452127278e+00
5.540060125386248480e+00
5.541446283465147005e+00
5.541711387956106627e+00
5.545961934907269075e+00
5.548243653576787615e+00
5.549683345865473072e+00
5.552976551421640039e+00
5.553493788425336142e+00
5.564094680030280848e+00
5.564372947972069383e+00
5.567067298800539632e+00
5.568240349086715391e+00
5.568373849780668294e+00
5.569277209039750431e+00
5.571830843973088143e+00
5.573078730182281504e+00
5.575686034445904049e+00
5.577134682904450358e+00
5.577350964077463225e+00
5.579427570575678175e+00
5.580617259379136996e+00
5.581439644403162426e+00
5.581818026307000302e+00
5.584493681001706733e+00
5.588572208797135232e+00
5.589348094212033047e+00
5.592217545265310008e+00
5.592716893623455476e+00
5.596690409932895349e+00
5.596979939160054762e+00
5.599412391599801531e+00
5.600836680538884949e+00
5.601513399616634636e+00
5.602723553430150716e+00
5.607562296473390440e+00
5.607876393495578426e+00
5.609713272556608565e+00
5.611838984313424206e+00
5.614491904226212249e+00
5.615009909109232034e+00
5.615379324627310709e+00
5.622201073543676486e+00
5.624104060132164129e+00
5.624532674986971514e+00
5.627303712045353734e+00
5.627458207870597029e+00
5.627749357825844179e+00
5.627895885548525712e+00
5.628341867654247821e+00
5.636269434229956410e+00
5.638084010323433759e+00
5.638271966254448486e+00
5.639851095613850340e+00
5.642914577126473930e+00
5.645120914245118193e+00
5.647780532500861206e+00
5.649637494797049797e+00
5.650466561233379537e+00
5.652951245993685703e+00
5.657740023284070219e+00
5.665545029138562505e+00
5.669274061163602774e+00
5.671666897144558739e+00
5.671669325935195793e+00
5.672190790278328620e+00
5.672813993379918429e+00
5.676286223615376159e+00
5.677102123818161594e+00
5.678956434960314326e+00
5.680041628208410742e+00
5.682902724870141142e+00
5.690379334105710285e+00
5.696540147687342959e+00
5.699292763877290113e+00
5.705644239632082559e+00
5.707511734098072331e+00
5.709084436507696481e+00
5.709553036081642219e+00
5.712348864626465073e+00
5.717875048473581856e+00
5.718086814010823637e+00
5.718479703474165454e+00
5.718877608506325316e+00
5.719832703333782575e+00
5.720260571290429752e+00
5.720277169330664435e+00
5.723993875442176638e+00
5.724156727295655500e+00
5.733242193535645015e+00
5.734529210350067352e+00
5.735166664661704772e+00
5.743251849169045187e+00
5.744303294605765942e+00
5.753446316261842775e+00
5.766225932233994378e+00
5.769130033205614794e+00
5.772163863450386678e+00
5.773270398389255043e+00
5.774585484301289817e+00
5.775697478586161893e+00
5.778685253898222740e+00
5.779886516508868866e+00
5.780004153731896466e+00
5.781193621714038500e+00
5.782488467841430335e+00
5.783535646911029282e+00
5.783665396505874412e+00
5.787143045087534077e+00
5.787222011881163475e+00
5.794050304963873188e+00
5.797129824833447742e+00
5.800782156939883194e+00
5.804776229547787381e+00
5.808335319589732926e+00
5.808476139072000777e+00
5.808939148083559267e+00
5.809358152536342246e+00
5.815073755850105108e+00
5.816291104804476753e+00
5.817340341566049844e+00
5.817822767621803948e+00
5.823643416226969904e+00
5.824105420556414892e+00
5.825703861197273348e+00
5.834806399594808290e+00
5.836324331414892264e+00
5.837865717138032373e+00
5.837941533489842350e+00
5.838130897853305967e+00
5.841934784652959678e+00
5.847684494554000523e+00
5.847937733172422270e+00
5.850120123351739920e+00
5.852779459325083700e+00
5.853184617058023953e+00
5.853214093960508180e+00
5.856897904771747321e+00
5.857262165604177007e+00
5.858461001141556324e+00
5.859425510973273354e+00
5.868095208691209486e+00
5.870623083490116301e+00
5.874211337078650175e+00
5.875908910825570430e+00
5.877011976152560990e+00
5.880241384870475763e+00
5.880639592375922042e+00
5.884271458355166295e+00
5.890549902422639761e+00
5.892784676382875730e+00
5.895543078713696872e+00
5.897468100826875670e+00
5.899615927812829064e+00
5.899753655888519965e+00
5.899863885269258645e+00
5.904258368108171950e+00
5.906013067687355012e+00
5.906116711339210568e+00
5.917904464451309465e+00
5.918926537766984630e+00
5.919171323932535422e+00
5.920759596040381822e+00
5.926684127628254473e+00
5.929358092952426773e+00
5.938689552701908347e+00
5.940239645617196196e+00
5.945007716458531988e+00
5.945190486706882993e+00
5.945402005851331495e+00
5.946373833567913714e+00
5.948144513964761515e+00
5.948313581293105834e+00
5.951137909752426403e+00
5.954191277542715710e+00
5.960535461335916274e+00
5.960552513393629681e+00
5.966230528290618729e+00
5.967575284526992263e+00
5.969082008846882559e+00
5.973302253503970149e+00
5.974882531279770426e+00
5.977688537141870206e+00
5.978034450132662769e+00
5.980511217624279396e+00
5.986661387110777000e+00
5.988310934790881390e+00
5.990547061618064717e+00
5.990666229302435752e+00
5.990881003738334876e+00
5.991008692814196124e+00
5.991009567234218736e+00
6.003001755069905521e+00
6.007499919972439706e+00
6.008387462462315476e+00
6.011428854539826006e+00
6.019316341284181249e+00
6.023916346324485360e+00
6.024623842782280470e+00
6.026351432924236029e+00
6.032371895629830227e+00
6.036493568115897546e+00
6.038852093666361220e+00
6.041035945616550329e+00
6.044107085596167828e+00
6.045593514651120159e+00
6.048957007948153830e+00
6.052830598923360839e+00
6.054206085170373619e+00
6.056500640887097831e+00
6.063106272012184661e+00
6.064755135141584041e+00
6.065581819486186355e+00
