3.565432541276713163e+00
3.565722774838362863e+00
3.578746119144359028e+00
3.580799948216205397e+00
3.588904882223948434e+00
3.590747297108783709e+00
3.594155854879780509e+00
3.606500346780804556e+00
3.611272553376826622e+00
3.613049539444204594e+00
3.617947361560035713e+00
3.624423568362216130e+00
3.627333462937705644e+00
3.627739800294998318e+00
3.631676896599703497e+00
3.633817379294582040e+00
3.634366412318866590e+00
3.634666145175488250e+00
3.636696520923238474e+00
3.638508519652072337e+00
3.642313902577313911e+00
3.643938324748901447e+00
3.644964937850793341e+00
3.647143560227613435e+00
3.649760436496719773e+00
3.650871601676226152e+00
3.653697424525439441e+00
3.653698414391278515e+00
3.654744565066568640e+00
3.655231294921549523e+00
3.659371104134177877e+00
3.661322878276649373e+00
3.661773396416064585e+00
3.664188635386615989e+00
3.668632887432504930e+00
3.669855723368995903e+00
3.673338517112173296e+00
3.676540962633549459e+00
3.677248208349037206e+00
3.677599261766475447e+00
3.678811606855521887e+00
3.680361013368951273e+00
3.680396195267169102e+00
3.682100714505061489e+00
3.689828250924880315e+00
3.692171245983755679e+00
3.698240430854832894e+00
3.701034059633538931e+00
3.702657204305679350e+00
3.713113469469443206e+00
3.714451000292478433e+00
3.717042141618803974e+00
3.718792193954771896e+00
3.724229314543745506e+00
3.725266082177848492e+00
3.726670600726183835e+00
3.727857123624881641e+00
3.731998485901945717e+00
3.743863797949662064e+00
3.743917372448546832e+00
3.744415494521399879e+00
3.744898682088300568e+00
3.745506472609532178e+00
3.747458198829100695e+00
3.748823367218810265e+00
3.750486854488999544e+00
3.751491723714788673e+00
3.752150636902171321e+00
3.753378468682336155e+00
3.753787594105264525e+00
3.760080007388870715e+00
3.764332671959440990e+00
3.766084268919238642e+00
3.770120664496310781e+00
3.772118346856838222e+00
3.773910833789477781e+00
3.775914399014842715e+00
3.776823060157733725e+00
3.778342894179066658e+00
3.778983441640070051e+00
3.779780176908386302e+00
3.784323182090726601e+00
3.790402384450381135e+00
3.793472385635129118e+00
3.795760950592167671e+00
3.797748599221639765e+00
3.800346518589826861e+00
3.803465519039004761e+00
3.804394638445578902e+00
3.804869974565982194e+00
3.804898129264972173e+00
3.805129640455370055e+00
3.805504361250880319e+00
3.812097357422334909e+00
3.812779275022094794e+00
3.815616532224975543e+00
3.817224524654282192e+00
3.818109277737655294e+00
3.822400206868288297e+00
3.822615443982130490e+00
3.823623259652509709e+00
3.824154872273581418e+00
3.827223886095359795e+00
3.827669975221679621e+00
3.828228309441937594e+00
3.832364161967031446e+00
3.833905343719499204e+00
3.835352322486544008e+00
3.835534043970923790e+00
3.838548282787324073e+00
3.841183317879115044e+00
3.841750082919864973e+00
3.844407326656322788e+00
3.851839773685856283e+00
3.853655787838442759e+00
3.859283010152502857e+00
3.862150877308170749e+00
3.870158778272842603e+00
3.870947636053654772e+00
3.872902996948028864e+00
3.875134684640738403e+00
3.876777773744738198e+00
3.877999415771509639e+00
3.879153579505753235e+00
3.879322706637076124e+00
3.887524069947672967e+00
3.888674899409636065e+00
3.890072258872003363e+00
3.893900590975816645e+00
3.897063022101100671e+00
3.900107426876036953e+00
3.902560595879581928e+00
3.902933914868149223e+00
3.903534665868312548e+00
3.907837121057331053e+00
3.911898161397268314e+00
3.911968375891677230e+00
3.912346995650461956e+00
3.913168172295143243e+00
3.914137593472751142e+00
3.919881057268357338e+00
3.920048771439796909e+00
3.920974586053088906e+00
3.924984516193277262e+00
3.925685665882117092e+00
3.927009268085389415e+00
3.929163710052277825e+00
3.931348026108183458e+00
3.931757042970287053e+00
3.932478768571668226e+00
3.935920030694297633e+00
3.936829092495697235e+00
3.938167937305670829e+00
3.938837987403649432e+00
3.939881772916264957e+00
3.940354057410424105e+00
3.940814876683153667e+00
3.941049830335660698e+00
3.941846185017014115e+00
3.944717749790811023e+00
3.945083084677164287e+00
3.945578246573120840e+00
3.950180446656847977e+00
3.951391983967257993e+00
3.952360128576839049e+00
3.960570116551011211e+00
3.961944605078968618e+00
3.964872677893639619e+00
3.965677627472045330e+00
3.966457693714757760e+00
3.968951294190549817e+00
3.969346084504064009e+00
3.969503408151495716e+00
3.972900205833676868e+00
3.974062009680815688e+00
3.976990562000684459e+00
3.977401298663076901e+00
3.979481058102457336e+00
3.981836986090538044e+00
3.983121711410077648e+00
3.987963778051121011e+00
3.989664002839159451e+00
3.989804095657105698e+00
3.990389862171604296e+00
3.990958850853874917e+00
3.991441606389297458e+00
3.995095831497940342e+00
3.995394422818195679e+00
3.996644487371960874e+00
3.997320260388997681e+00
3.997567913232572323e+00
3.999428672657108663e+00
4.000274752442643411e+00
4.000628707409907392e+00
4.002161901418194390e+00
4.002792468595652409e+00
4.003103443378467574e+00
4.007259712045353695e+00
4.011234979411796964e+00
4.012301390139456636e+00
4.012446553113491632e+00
4.014109420937682415e+00
4.014953767187705580e+00
4.023239036791574463e+00
4.023753419510855522e+00
4.024042035695523545e+00
4.024272007590067979e+00
4.024911731322147190e+00
4.025758880646514548e+00
4.027035685785215868e+00
4.027644596375267838e+00
4.028958266640560559e+00
4.032468191757346609e+00
4.033808292227303305e+00
4.034548998592906166e+00
4.035162772629909078e+00
4.036621709456959195e+00
4.037166203475271331e+00
4.037724159250530853e+00
4.039445835987119260e+00
4.039491463820841233e+00
4.040786955923714174e+00
4.041323180145534266e+00
4.045433771289776992e+00
4.047003579543081209e+00
4.049830345638104845e+00
4.053791376091024468e+00
4.057187542340119357e+00
4.058949828927393533e+00
4.061841633185484746e+00
4.062422642311886101e+00
4.062814225251093703e+00
4.063511666716711268e+00
4.064269054301044015e+00
4.064869817904888549e+00
4.069367451264344737e+00
4.070660131856436159e+00
4.072022722619626833e+00
4.075995967878034421e+00
4.076319062306804852e+00
4.076682760073454759e+00
4.076936312265122098e+00
4.080542583403824253e+00
4.081184232790772803e+00
4.082178175089313577e+00
4.084993546164987777e+00
4.086099555973035535e+00
4.086959733312834686e+00
4.087847987637266201e+00
4.088373168424956461e+00
4.089549662392698792e+00
4.090061879477245199e+00
4.091055084775604200e+00
4.092394460764732678e+00
4.092816541478311976e+00
4.094930058557221919e+00
4.096286592635192569e+00
4.098519651671657549e+00
4.099614586966151109e+00
4.103427999596549469e+00
4.104139993021846067e+00
4.104891539251654287e+00
4.106998277800437691e+00
4.107111664757326253e+00
4.107277074556213492e+00
4.108712889106956645e+00
4.108995634901423166e+00
4.109493640613064436e+00
4.109826460632352685e+00
4.110371566959359235e+00
4.112259517554836208e+00
4.114031553622851334e+00
4.117818696634405917e+00
4.118984557521197409e+00
4.121117239507349872e+00
4.123709771085552589e+00
4.124012638114667340e+00
4.125511250231022942e+00
4.126265888652485003e+00
4.126901660326891985e+00
4.127027532668006593e+00
4.130256512420658055e+00
4.130984645839760994e+00
4.132447798766666125e+00
4.134336269776240691e+00
4.135072142317006261e+00
4.140835163364458005e+00
4.140867221998099978e+00
4.141675096822424074e+00
4.142109458579375847e+00
4.142693684585878167e+00
4.144052600679636988e+00
4.146797970899097407e+00
4.147873072721025345e+00
4.149182709268766089e+00
4.149417270683304793e+00
4.150387475208527022e+00
4.150997216428788050e+00
4.151273950580293359e+00
4.153801386028560749e+00
4.155809245384275208e+00
4.157644836382814013e+00
4.158029418069667749e+00
4.158778070038211538e+00
4.160581391348330271e+00
4.162311897432968699e+00
4.164881671749111725e+00
4.165247728056624688e+00
4.166070234969319053e+00
4.167320213476479296e+00
4.169947039431395552e+00
4.170792134805295426e+00
4.171117514450086716e+00
4.171321664211594893e+00
4.171870615430036899e+00
4.174281116049828100e+00
4.175102898948567898e+00
4.175629220355648208e+00
4.177286152724576596e+00
4.177489260668956206e+00
4.179280496887846752e+00
4.180131040011416665e+00
4.180169070046112267e+00
4.181127436006698339e+00
4.181777645049918668e+00
4.183720837999810982e+00
4.186553169042736222e+00
4.186959480360601837e+00
4.187073092552071607e+00
4.188640861987179775e+00
4.190236590154087004e+00
4.191526001845894633e+00
4.194921130672516263e+00
4.195464413652690183e+00
4.195678109124664878e+00
4.199385184950002348e+00
4.203076681245815571e+00
4.203588674139473902e+00
4.203974286942982808e+00
4.205883971957712575e+00
4.207702318903524308e+00
4.208334608644482167e+00
4.209090684876875876e+00
4.211552501127027170e+00
4.211577840600417844e+00
4.211853056946788243e+00
4.213808911578484029e+00
4.214182429001720465e+00
4.215304611767358267e+00
4.218492312548266732e+00
4.218574133619610755e+00
4.219354610539711281e+00
4.219672209783591477e+00
4.220455833328816908e+00
4.220535423659123708e+00
4.221575284875729750e+00
4.223775041015549903e+00
4.224135895726411682e+00
4.224482236178967121e+00
4.226387839557364856e+00
4.226997450427735004e+00
4.229512332516804918e+00
4.229628816317402062e+00
4.230619872427993755e+00
4.231426804661902352e+00
4.232361053407788454e+00
4.234114084227238450e+00
4.234156209371112034e+00
4.234231358525643252e+00
4.234999271361874484e+00
4.236405573446102579e+00
4.237169174442475317e+00
4.238101879857054222e+00
4.238615812505532432e+00
4.240183975498391433e+00
4.241502215192827663e+00
4.242306717409405792e+00
4.242314165626099864e+00
4.247830042765557756e+00
4.248698471860994808e+00
4.249127560684191174e+00
4.249820203741210278e+00
4.250391554745060141e+00
4.251437494779748860e+00
4.252261739496518089e+00
4.255831562598736184e+00
4.256211620011570496e+00
4.257970652782289811e+00
4.258203330112128704e+00
4.259716604806390805e+00
4.261353132445947267e+00
4.262508763256112942e+00
4.263646788107102736e+00
4.265216666890412789e+00
4.266243355628231981e+00
4.268083626030008126e+00
4.268087067642230004e+00
4.269427349794151283e+00
4.269837040958541330e+00
4.269921721861674513e+00
4.269992291722684463e+00
4.271538705054656049e+00
4.272270922443621721e+00
4.276625309967381661e+00
4.278520975211535848e+00
4.280655332479422981e+00
4.281822630586391121e+00
4.282527823929348720e+00
4.284486657689292599e+00
4.285394129857355239e+00
4.285898910290696584e+00
4.286036808992879976e+00
4.286386008475318476e+00
4.286557523424296079e+00
4.287977802145581663e+00
4.288292262510656094e+00
4.290252487677700621e+00
4.293110058819929797e+00
4.293300460212638114e+00
4.294497545676722261e+00
4.295060995334447185e+00
4.296214236169783263e+00
4.296848268080274202e+00
4.298303557813406783e+00
4.298438861482502205e+00
4.299400224584342567e+00
4.300329523955379152e+00
4.301588722872081050e+00
4.302371280640400641e+00
4.302589155881139327e+00
4.303676053762813147e+00
4.303693940883464464e+00
4.303895289537257973e+00
4.305627807673968022e+00
4.306194404281893817e+00
4.307302279909242415e+00
4.309232476989147465e+00
4.312334954639406526e+00
4.312797366352866035e+00
4.314073512592962345e+00
4.317578813730137632e+00
4.319599712570275862e+00
4.320889868359197195e+00
4.321248303166184357e+00
4.322605180688608328e+00
4.323114143417240207e+00
4.324148168070824916e+00
4.325208612816874520e+00
4.325582442299328534e+00
4.327418643318243774e+00
4.327746044529586555e+00
4.328362896938302562e+00
4.329585411095982828e+00
4.329623061728927524e+00
4.330649575367353954e+00
4.332263907052442242e+00
4.332484679028491215e+00
4.336094512134438084e+00
4.340994177527961462e+00
4.341410302180859659e+00
4.341684174465482826e+00
4.342091951057096999e+00
4.342214249113410141e+00
4.344332867997509062e+00
4.344534470874085841e+00
4.346420813315925002e+00
4.347409089226344392e+00
4.348933648393982665e+00
4.349770735666666610e+00
4.349929530293255908e+00
4.350499226375889705e+00
4.351618681085471785e+00
4.353291246104487477e+00
4.354502669565545325e+00
4.355557022950404367e+00
4.357663939577894219e+00
4.360077424522781797e+00
4.360568086705483459e+00
4.360587473531925440e+00
4.365353906226798308e+00
4.365595748438376056e+00
4.365969589603337475e+00
4.366080248224450955e+00
4.366453457690797180e+00
4.367598400507882062e+00
4.368105997646585692e+00
4.370967670729469567e+00
4.372022838963284030e+00
4.373509512674058186e+00
4.376939335635920081e+00
4.377935555341299967e+00
4.379442759680208574e+00
4.381196723290108785e+00
4.383006729764422182e+00
4.383884814964549292e+00
4.384055701323024579e+00
4.384150502136188621e+00
4.388178683862566487e+00
4.388376228591695849e+00
4.390625158973593400e+00
4.391002152023760097e+00
4.391663669774174217e+00
4.392247522134062443e+00
4.392470929386337097e+00
4.392781509219545022e+00
4.393479264536088280e+00
4.393664776550751938e+00
4.394621264057106735e+00
4.395601271449633529e+00
4.397353768461016443e+00
4.399253565997022442e+00
4.400512221907661115e+00
4.401024494735320758e+00
4.401918370911333867e+00
4.402917256470834317e+00
4.403022978167563828e+00
4.404015293167137912e+00
4.405411292745229801e+00
4.406011783136329463e+00
4.406671618388761758e+00
4.408381553463894598e+00
4.409136482576549554e+00
4.413100945985060086e+00
4.414559705402893108e+00
4.414937784889917616e+00
4.414971658707417035e+00
4.415727617204539435e+00
4.422538822295172700e+00
4.422868298736440273e+00
4.424086967315625785e+00
4.424129706968530584e+00
4.424472198876023832e+00
4.425642537354877781e+00
4.430230529194326472e+00
4.430341777702617279e+00
4.430683435540414550e+00
4.431149669503827937e+00
4.431335823133419893e+00
4.432110454057338167e+00
4.434990052864431931e+00
4.443188119212034159e+00
4.443241809424008260e+00
4.443424616011450112e+00
4.444606419113122264e+00
4.446564634136872307e+00
4.448048101953515854e+00
4.448674773486909650e+00
4.449979996216231193e+00
4.453609225320926512e+00
4.455371524717967269e+00
4.456317379054266503e+00
4.458149575730192993e+00
4.463233522060811254e+00
4.465689367538448806e+00
4.466545537755154172e+00
4.466688937850564756e+00
4.467997713478739641e+00
4.468664748778636842e+00
4.469474117532925561e+00
4.469631796435036719e+00
4.469681550120531810e+00
4.470191944826170882e+00
4.472527256189073874e+00
4.473338115052781561e+00
4.476300265578514903e+00
4.482530431207831789e+00
4.482540738456329166e+00
4.482921208530710189e+00
4.484999603014720115e+00
4.488823347625219284e+00
4.489384467452748773e+00
4.491703707006680091e+00
4.491895587229337572e+00
4.492006394993295793e+00
4.495036935471222961e+00
4.496126579195423467e+00
4.498725073698638610e+00
4.501465450037351879e+00
4.502445150012708730e+00
4.506615706704675262e+00
4.510273938584073328e+00
4.510345001218177607e+00
4.511952908891768921e+00
4.513128727635466575e+00
4.513809460169666998e+00
4.516990638936534630e+00
4.518484944609897802e+00
4.521761671687610118e+00
4.523018951753446260e+00
4.524019892707819679e+00
4.526122252233284016e+00
4.529504529257763146e+00
4.534361462247643360e+00
4.534590901528323670e+00
4.535542941868436984e+00
4.535826852515832286e+00
4.535896102630552207e+00
4.537089147691724556e+00
4.537721523883696761e+00
4.541706921166885458e+00
4.543887654159357581e+00
4.546911163230229036e+00
4.547691953777491136e+00
4.548892939659056722e+00
4.550416655952404632e+00
4.553137880818162841e+00
4.554864482506148171e+00
4.556114417211291290e+00
4.557366212159237762e+00
4.557670298500192452e+00
4.557950977999689179e+00
4.558494050803520992e+00
4.558592701189300378e+00
4.562520371809243080e+00
4.563020054835217998e+00
4.568564877990210604e+00
4.568844914023141079e+00
4.570417026638101454e+00
4.571057849967139042e+00
4.571066520587571347e+00
4.573427807720949367e+00
4.574529309063319893e+00
4.575354877924309172e+00
4.576809042974963049e+00
4.577404122824224153e+00
4.578202783964417932e+00
4.579777722931531514e+00
4.579924306384350885e+00
4.580743334982618542e+00
4.582645670430815166e+00
4.583530408954750612e+00
4.586758824265557699e+00
4.587075949292005461e+00
4.588531846136442383e+00
4.591687551645053489e+00
4.592724521663866355e+00
4.592829130456156150e+00
4.595256070871009513e+00
4.595540548078871801e+00
4.596693763710946179e+00
4.596759790257817002e+00
4.598535947905212140e+00
4.598834833552759349e+00
4.600723021193664941e+00
4.600736363768094250e+00
4.601007419152807643e+00
4.601495759533024810e+00
4.601815842875813800e+00
4.602562681729384764e+00
4.602692475788415116e+00
4.603155867434312043e+00
4.603541394148279231e+00
4.604404599053461666e+00
4.605419568286940546e+00
4.605957654793097156e+00
4.607752319297367727e+00
4.608445479799141431e+00
4.609405684602053910e+00
4.611945331449766705e+00
4.612269265106055727e+00
4.612688438371817412e+00
4.614626810363182230e+00
4.617241509381076803e+00
4.618299751060915170e+00
4.620714689797171815e+00
4.621400879096612790e+00
4.622033151849855415e+00
4.624031014980491960e+00
4.627173464092956934e+00
4.627289447849176618e+00
4.627804999225610949e+00
4.629382545033680962e+00
4.629968706873082596e+00
4.636049456866237151e+00
4.639027308106435932e+00
4.639523403428169601e+00
4.640247591998734045e+00
4.640886776318371432e+00
4.644588484446156684e+00
4.645589767308080376e+00
4.646910618645920366e+00
4.647264506920773641e+00
4.651154625170758727e+00
4.651378865011738029e+00
4.653231246275687738e+00
4.654123940809764548e+00
4.654856043176528679e+00
4.655304040769273399e+00
4.655561957429217301e+00
4.655661015061536290e+00
4.656612536308522898e+00
4.662891793315369959e+00
4.664525915876301276e+00
4.667009318730869438e+00
4.669229375896066792e+00
4.670414030855739362e+00
4.672957184431182576e+00
4.673639368139588690e+00
4.676575052582835568e+00
4.677498337882146195e+00
4.679561986103829341e+00
4.679818483617279590e+00
4.682075258690131747e+00
4.683322646573336634e+00
4.683469510267557645e+00
4.684472233838382849e+00
4.686574436513160080e+00
4.686741599739463915e+00
4.686788035257611895e+00
4.687201458862666925e+00
4.687331047420309815e+00
4.687589178951157010e+00
4.689528383231936104e+00
4.689543607202161013e+00
4.689827956332941916e+00
4.695126289681839538e+00
4.697573147146311356e+00
4.697684622387455988e+00
4.698989331061321550e+00
4.699086525867565811e+00
4.701261608438098705e+00
4.701601041147771554e+00
4.701644197505036260e+00
4.706091613392244355e+00
4.706139874436833459e+00
4.709454879690689211e+00
4.711002873106392208e+00
4.719123541652702869e+00
4.719939696918294736e+00
4.723347104568717647e+00
4.724711305562387942e+00
4.726046426478485607e+00
4.732841572375804162e+00
4.732977503456347712e+00
4.734965182369836434e+00
4.735268489004345049e+00
4.735554666132120616e+00
4.735586331919831693e+00
4.737978862856316198e+00
4.739165081377625377e+00
4.740642012818049977e+00
4.740761037628856478e+00
4.741830817138124488e+00
4.743648782003442754e+00
4.743676821605741445e+00
4.744508499879408703e+00
4.745029872839747753e+00
4.746143033369230935e+00
4.750374175693234946e+00
4.751267356153918264e+00
4.752466476976219489e+00
4.753145844335624481e+00
4.754365240601805986e+00
4.757548842142539591e+00
4.758152186369197345e+00
4.761057081873431684e+00
4.762837709744109915e+00
4.763989697170981863e+00
4.765341724092011511e+00
4.767587711402599737e+00
4.771338239456943242e+00
4.771561536466823128e+00
4.771740464010435723e+00
4.771741642529427452e+00
4.771745273022618861e+00
4.772135986355080739e+00
4.773803681980843372e+00
4.774037468973436837e+00
4.774130395275630434e+00
4.774550530387673852e+00
4.774717497169396196e+00
4.775044332396517710e+00
4.776587901216733378e+00
4.779693133458755128e+00
4.779887028790302139e+00
4.780969671414424305e+00
4.781690638043542663e+00
4.781962814064346645e+00
4.784844384941338014e+00
4.785144462490594996e+00
4.789432430224429105e+00
4.790085970705153962e+00
4.794935007112591130e+00
4.800521642160753721e+00
4.801255265458781452e+00
4.801910472170732191e+00
4.803960328098862753e+00
4.804519344227099253e+00
4.808677287826117919e+00
4.813781478217954657e+00
4.813923760308474797e+00
4.817378746224388664e+00
4.817830343365391954e+00
4.818429527994786632e+00
4.819544290670510378e+00
4.819824338886113502e+00
4.819829484440764311e+00
4.820268705590835978e+00
4.821258045302307949e+00
4.821430213990411495e+00
4.825852741165665094e+00
4.826679633827876792e+00
4.829301406579497247e+00
4.830176336509680368e+00
4.832190665633543603e+00
4.833083307211217594e+00
4.837917252395142143e+00
4.838490328358820314e+00
4.838636571012950860e+00
4.838821931839194512e+00
4.841498190932520984e+00
4.842460972880236802e+00
4.844157966269563076e+00
4.845868814850237349e+00
4.848614186953452254e+00
4.854328255460382380e+00
4.856602194172743303e+00
4.858128073450765250e+00
4.859010417174088658e+00
4.859478810018418748e+00
4.859574749746345290e+00
4.859688550220599979e+00
4.859839821431794604e+00
4.863159571182874785e+00
4.863746051284571159e+00
4.865518208331612193e+00
4.866619032636428699e+00
4.867431733777869418e+00
4.869273740287779262e+00
4.869689878783340475e+00
4.870282425389661718e+00
4.872177499124902944e+00
4.875584318847555387e+00
4.876809805322551483e+00
4.877695054397986674e+00
4.878257584350623510e+00
4.879359673351454596e+00
4.879834592797434922e+00
4.880194768970310015e+00
4.881147665065101116e+00
4.882131141164975929e+00
4.884699230239180956e+00
4.885681048945189175e+00
4.886260867541196262e+00
4.888929967334038729e+00
4.889738850237635326e+00
4.890171794523235249e+00
4.892199846560832732e+00
4.892898325008899540e+00
4.893248939527332197e+00
4.894953611120002712e+00
4.895108190874339016e+00
4.897632183585925780e+00
4.900466631842654408e+00
4.900615095742843152e+00
4.904639516085936179e+00
4.904913968908030775e+00
4.905672682951061070e+00
4.905799041557095563e+00
4.905955326313112153e+00
4.907356492728025543e+00
4.909745439881328721e+00
4.909912068212742398e+00
4.910678556628274016e+00
4.910749829288753254e+00
4.911996569389760481e+00
4.913236091992965626e+00
4.913599668406437360e+00
4.918100196692378745e+00
4.919064225334028428e+00
4.921660825337100142e+00
4.923689704019266422e+00
4.924003016944651812e+00
4.924283637188503704e+00
4.924409799108231844e+00
4.927016929818616831e+00
4.928564600507368887e+00
4.932401588102138135e+00
4.933203103189367944e+00
4.935885741060245913e+00
4.936197055067533590e+00
4.937216039744162011e+00
4.938297106062241149e+00
4.939988418281514804e+00
4.945507630890211281e+00
4.947845642276145206e+00
4.948820772951553870e+00
4.952338307432860631e+00
4.954707635172755253e+00
4.955143075333549696e+00
4.955371919567448380e+00
4.955797432342519571e+00
4.957045544594731901e+00
4.958231659627490018e+00
4.959685808385936312e+00
4.962300398568224580e+00
4.963198117558009770e+00
4.963593610841204651e+00
4.964898798371407906e+00
4.966786869641803825e+00
4.967726534520947368e+00
4.970110233587720749e+00
4.973946246269860261e+00
4.973976223513798089e+00
4.977830591671219551e+00
4.977839820151718442e+00
4.979493902113725667e+00
4.979541620150342851e+00
4.979612231394153099e+00
4.982740632601511344e+00
4.985717907272776195e+00
4.985818917837908870e+00
4.989845682760292611e+00
4.989907611660664877e+00
4.994197953355762110e+00
4.994647267944549718e+00
5.003632504982970630e+00
5.008187021939327188e+00
5.008499701231456491e+00
5.011120177764488481e+00
5.012389631167251558e+00
5.015236868197095355e+00
5.016563376472618074e+00
5.016587951566668480e+00
5.017945811302913839e+00
5.019641062942596932e+00
5.020741272561232371e+00
5.021717414359150311e+00
5.022200344802310923e+00
5.023805127660011749e+00
5.024418765177715684e+00
5.024807340202392503e+00
5.026369964559968651e+00
5.029520559411724712e+00
5.029930832761356996e+00
5.030369930562891945e+00
5.034384305321690789e+00
5.038071818983509864e+00
5.039405373511694819e+00
5.040676673584472134e+00
5.043279456611243994e+00
5.044811924162575067e+00
5.044833434439010666e+00
5.044968959258214092e+00
5.051356034145885410e+00
5.052378703788303227e+00
5.053908901294956735e+00
5.054138636796814410e+00
5.055067066770361883e+00
5.055601201937022893e+00
5.056347258158752744e+00
5.057166473662471518e+00
5.057448454900940860e+00
5.057782479966436817e+00
5.058820133665255625e+00
5.060003310236838026e+00
5.060497533505549761e+00
5.060749246606150109e+00
5.061876258945710028e+00
5.062916281830568188e+00
5.064243935080321002e+00
5.066828817128585349e+00
5.067867801760095325e+00
5.068591645444617377e+00
5.071330667357480060e+00
5.071690517764813499e+00
5.072648099750640682e+00
5.073125066167172292e+00
5.074244066210984450e+00
5.075933552048480735e+00
5.077381569258817784e+00
5.078508064267816202e+00
5.079799746641803893e+00
5.080057551809836092e+00
5.080093584119816263e+00
5.080416351292117660e+00
5.081581723249704474e+00
5.082004722323730128e+00
5.082580948325492898e+00
5.086474043399030087e+00
5.086749696736833748e+00
5.087393202703212935e+00
5.088707062859957553e+00
5.089906642677999749e+00
5.090596161972379186e+00
5.093834423604335804e+00
5.096130693260873201e+00
5.099296532611482746e+00
5.101660399769352594e+00
5.105750312649893097e+00
5.107055931058713583e+00
5.109252588950948137e+00
5.112109204697226517e+00
5.113322584324733633e+00
5.116241280963375715e+00
5.118624785035547298e+00
5.126021689669358672e+00
5.127063032307185964e+00
5.128317226159305520e+00
5.128372490465532785e+00
5.132899023241853875e+00
5.135006446895937771e+00
5.139708941685635857e+00
5.143068460138890075e+00
5.147045115965680928e+00
5.150333440540380892e+00
5.153521285172430133e+00
5.162814639618415136e+00
5.163938047560058919e+00
5.164140614491704362e+00
5.166068414346216109e+00
5.166844844545899207e+00
5.168347757282218069e+00
5.169599746002719876e+00
5.170318695598554726e+00
5.171422223406593410e+00
5.174515694312439962e+00
5.177467032038279626e+00
5.178232010173931421e+00
5.181794978088248627e+00
5.183114986798967649e+00
5.185664766874731768e+00
5.188115643355592610e+00
5.190660996291012630e+00
5.192045521103129779e+00
5.193699445140409487e+00
5.194574122111041525e+00
5.195019558804498061e+00
5.195559559945618133e+00
5.197071587124135306e+00
5.197426080688174466e+00
5.202219499762746224e+00
5.202628825267300527e+00
5.205932949886640237e+00
5.206071775092921960e+00
5.212779432279843306e+00
5.214531485629080976e+00
5.215039341606770407e+00
5.217050932990654921e+00
5.218647572512379540e+00
5.224542349036653377e+00
5.225619051967474782e+00
5.227150472253440761e+00
5.233968048417234620e+00
5.236599006027337744e+00
5.237657618191747133e+00
5.244420159359981071e+00
5.248551287375964769e+00
5.248694841180706838e+00
5.253395450715989234e+00
5.253961996686904889e+00
5.253995765302721388e+00
5.266576110287568113e+00
5.268483517169719299e+00
5.269647682260840682e+00
5.270454525974589188e+00
5.271285148438305868e+00
5.275238118759912886e+00
5.277868357572534919e+00
5.278466926878802035e+00
5.280178932511581102e+00
5.280990456548144252e+00
5.282746481979351039e+00
5.284238684944280173e+00
5.287966634875665761e+00
5.288361887643908688e+00
5.288439215146027550e+00
5.289575536914736809e+00
5.290619214009984361e+00
5.291757655257001147e+00
5.294976442191537735e+00
5.295859344976002525e+00
5.300648954065214191e+00
5.302744948464826358e+00
5.302941977844989552e+00
5.310739443168782437e+00
5.314519104756778134e+00
5.316629648648097728e+00
5.322790202136548743e+00
5.323246011768829611e+00
5.323825553518386933e+00
5.326774402460549673e+00
5.326781090591237167e+00
5.329250468197872515e+00
5.330565742952154906e+00
5.333268143490919933e+00
5.333830390531497656e+00
5.334712225318448908e+00
5.335933056914853978e+00
5.340314812771865149e+00
5.342366541234451205e+00
5.343053721448466575e+00
5.347062435038673733e+00
5.351822970743596919e+00
5.352197806799099844e+00
5.355072037427261122e+00
5.356057817172661828e+00
5.356909096821977023e+00
5.360503372693918855e+00
5.361553191355126202e+00
5.364765606253108388e+00
5.368974433182633454e+00
5.371283266499359499e+00
5.371488094881918585e+00
5.372306102496337665e+00
5.373382299249898963e+00
5.375128859232863654e+00
5.378135445850898755e+00
5.380783231391347066e+00
5.386449077394693141e+00
5.387424642952383991e+00
5.392984088586856295e+00
5.398325874551873405e+00
5.399459940421775350e+00
5.401260986379203821e+00
5.402280199876321021e+00
5.405464100677152217e+00
5.406984541178649906e+00
5.416693895391000879e+00
5.418116435037094725e+00
5.421341954328811497e+00
5.424295416458676300e+00
5.425777890592967445e+00
5.434399004882693340e+00
5.435818608276497876e+00
5.441315025453280718e+00
5.441593658080017271e+00
5.442488227624242114e+00
5.444514078442122873e+00
5.444567289125540555e+00
5.445558015147623721e+00
5.446011561669459766e+00
5.446521157744760089e+00
5.456422957380723027e+00
5.456742934053046667e+00
5.459675089850587248e+00
5.464680690150334641e+00
5.474458983753448749e+00
5.481308385833052021e+00
5.482442128486472832e+00
5.486953248958229779e+00
5.487112971124628480e+00
5.491122975455889232e+00
5.500134371232573649e+00
5.519265143383808692e+00
5.521822618892751500e+00
5.526494743190282222e+00
5.527428776393154664e+00
5.531533554888122595e+00
5.533027451884950487e+00
5.543941725176063429e+00
5.555493480510596882e+00
5.560580531222395706e+00
5.566380479215508714e+00
5.568082194264037277e+00
5.573220786851565300e+00
5.578896259071629338e+00
5.589994575049596293e+00
5.592447322614096272e+00
5.593808350942056862e+00
5.595034703636163620e+00
5.596949380167611565e+00
5.606742696511791024e+00
5.608720124582784905e+00
5.622404212608282492e+00
5.627143054848889214e+00
5.627881617465845920e+00
5.628138132378934344e+00
5.629535549466717193e+00
5.632207783534966872e+00
5.636444285712664204e+00
5.646358953533933800e+00
5.653066922506292613e+00
5.659216748656515250e+00
5.659821113796929204e+00
5.663628536545927794e+00
5.664209921110731294e+00
5.664483845931122197e+00
5.665646547669926925e+00
5.665790950438386986e+00
5.674226153815454587e+00
5.679234582491300642e+00
