5.107458989898340462e+00
5.129706446870949677e+00
5.140230993980016372e+00
5.142794501762169013e+00
5.143823902970111384e+00
5.148177114220856332e+00
5.183470944295087257e+00
5.193047918230262461e+00
5.203356108702493543e+00
5.211616240985741833e+00
5.215265764892978773e+00
5.215805892928705667e+00
5.231831166263705590e+00
5.236031210869994901e+00
5.244585259022384705e+00
5.246698366495459176e+00
5.270595592350843184e+00
5.278968519028950368e+00
5.314708786093774506e+00
5.322022566764642804e+00
5.328846512966280535e+00
5.336454384290234998e+00
5.341737394317038756e+00
5.344176581622177125e+00
5.349665422134664894e+00
5.351122512823407007e+00
5.354625815781090203e+00
5.356474235471604395e+00
5.380435859605519511e+00
5.384471246261119504e+00
5.389047363376827882e+00
5.403853551357473251e+00
5.412232995915531752e+00
5.413733416879022542e+00
5.417405424866823083e+00
5.421966022496919280e+00
5.436906506075768419e+00
5.444498648715867972e+00
5.447730709321276343e+00
5.459281332604029480e+00
5.473133956823539314e+00
5.473474275817896917e+00
5.476359060996291106e+00
5.484666263579395462e+00
5.506747367737946597e+00
5.523062808215483344e+00
5.536145809930825834e+00
5.536399193864361301e+00
5.538408826843649990e+00
5.542077018044228254e+00
5.553135731767635086e+00
5.554613135269909741e+00
5.555967505704146880e+00
5.562160209497119645e+00
5.567284114652395033e+00
5.570083849178480762e+00
5.575987996856817119e+00
5.587264139784213768e+00
5.592907590894879988e+00
5.597738730453780676e+00
5.598568957300305904e+00
5.598628856643643736e+00
5.599130137086599568e+00
5.606017522240593465e+00
5.611605061065493061e+00
5.613729149196593937e+00
5.617477532323848166e+00
5.618854607773619669e+00
5.626257847640124155e+00
5.633448076227870693e+00
5.633793959158115427e+00
5.642972237107427347e+00
5.643995675733918027e+00
5.663285325424853411e+00
5.665799787294385936e+00
5.666324381650503561e+00
5.667253986518270281e+00
5.668031756190977433e+00
5.668436629246546232e+00
5.669330223452101691e+00
5.671619641003861290e+00
5.672153724961175314e+00
5.673911481465700568e+00
5.678226277386815291e+00
5.682079939724280493e+00
5.685743504210305055e+00
5.689631832616068863e+00
5.694471577387632877e+00
5.699348789799487669e+00
5.708077669859330960e+00
5.712102497311167149e+00
5.712528955478009429e+00
5.735712705358772645e+00
5.741034904360824420e+00
5.746735885407677991e+00
5.751447126957190292e+00
5.752085668461357493e+00
5.762472058195587721e+00
5.766146200678539557e+00
5.768598457528665513e+00
5.771217804378991012e+00
5.773684435399492720e+00
5.775535182164366788e+00
5.775959097278525078e+00
5.778577009714524593e+00
5.780871567631347574e+00
5.784217232035419265e+00
5.784253029136374735e+00
5.786771010852345576e+00
5.796868178658356463e+00
5.800825407215897123e+00
5.803722591068115833e+00
5.810886698651263949e+00
5.814452255213140575e+00
5.818897679482456731e+00
5.823980012193472611e+00
5.824001625164597407e+00
5.827235591766110723e+00
5.828105661132509496e+00
5.833966136590952978e+00
5.834973840521078259e+00
5.847196578564842540e+00
5.849165437336279361e+00
5.852200525229067196e+00
5.853630234120319464e+00
5.857169343616134505e+00
5.858726247035949797e+00
5.864163307971289818e+00
5.866161409290732820e+00
5.875965089511176132e+00
5.879397367550936337e+00
5.880707896939783019e+00
5.882771266526042098e+00
5.885168037717213529e+00
5.885678972250412144e+00
5.887067744231555544e+00
5.890098949866929168e+00
5.898209818197228671e+00
5.900873831918594270e+00
5.901882871017810395e+00
5.902363931478375569e+00
5.904802449984981827e+00
5.906308232333562280e+00
5.908206224024961983e+00
5.915894867779366351e+00
5.920061887347451979e+00
5.922651399547362416e+00
5.922680360434736002e+00
5.924185795724452142e+00
5.931495185044436624e+00
5.932401692278626015e+00
5.934468016462407292e+00
5.934931103328918489e+00
5.937826830363933439e+00
5.943889141265174203e+00
5.944929262473932496e+00
5.945073050499408929e+00
5.945903821254207244e+00
5.947581212065352396e+00
5.948032284978135742e+00
5.948537307453987566e+00
5.963970612374629887e+00
5.969035739357630987e+00
5.969047522831305130e+00
5.972522898400321800e+00
5.974109483797944264e+00
5.977922470759641449e+00
5.978353326603187412e+00
5.996616529846049204e+00
5.997279431218661472e+00
6.001699202920309340e+00
6.001755345847042733e+00
6.007117767830677302e+00
6.021977626243770310e+00
6.022093161074117518e+00
6.029102962545844768e+00
6.031780018157488321e+00
6.037677009472466771e+00
6.037924252176645190e+00
6.039780618842859994e+00
6.045195694810447051e+00
6.046797148944896172e+00
6.047715483925555802e+00
6.049412084541281764e+00
6.050889709674372341e+00
6.051023734165214663e+00
6.057865510074198490e+00
6.068134939128235317e+00
6.069303549857526292e+00
6.070455745680389370e+00
6.072587584789369330e+00
6.076517820785526602e+00
6.088761149142676743e+00
6.101872314718644219e+00
6.109530972624146017e+00
6.112206711546136262e+00
6.120787962321402986e+00
6.129641195624433436e+00
6.129842471810738047e+00
6.131371692337903134e+00
6.136857496516621602e+00
6.138633310889640704e+00
6.139714647770702527e+00
6.142539519704721229e+00
6.145522465515889543e+00
6.147018140856012280e+00
6.150434852348428905e+00
6.152469895192920646e+00
6.156079793145922352e+00
6.156569321948247797e+00
6.159296197760331992e+00
6.160804788240266561e+00
6.164340414884160957e+00
6.166079885954026452e+00
6.168703680781416843e+00
6.171405079434520324e+00
6.173190657797879233e+00
6.176347260463651345e+00
6.177046677297624910e+00
6.178340739802356651e+00
6.181460305409000711e+00
6.181592708971477279e+00
6.186115250642572505e+00
6.186808222800256551e+00
6.190139260215728356e+00
6.196338492809792875e+00
6.196667548164604966e+00
6.199575162477318990e+00
6.199833842386164307e+00
6.201360170192070420e+00
6.201545091506397434e+00
6.202248174706058492e+00
6.209292317466431399e+00
6.209336199132174272e+00
6.213040711845673414e+00
6.213710864180559845e+00
6.214769030814119688e+00
6.216776737669126973e+00
6.219973930362049153e+00
6.221518138235756723e+00
6.225817314318633500e+00
6.226473686915864114e+00
6.227417235639556736e+00
6.229391420390283152e+00
6.231074668397374339e+00
6.231457982597286005e+00
6.232975229444496890e+00
6.233631583851619418e+00
6.237202043148118769e+00
6.238733905186994555e+00
6.239725520649288981e+00
6.242264343483077127e+00
6.244408181792700852e+00
6.244920628860104017e+00
6.246004966663082136e+00
6.246076021618369722e+00
6.248461988235620268e+00
6.250467692621818117e+00
6.255705510164371042e+00
6.256822808573704542e+00
6.259419916658871763e+00
6.261676559779693285e+00
6.262545031728335765e+00
6.265270916345826890e+00
6.265687090895496247e+00
6.271439410218954791e+00
6.272083602039668193e+00
6.273545752605011572e+00
6.274201554009819048e+00
6.274632271815325346e+00
6.278203254282527901e+00
6.278498429723498475e+00
6.280006810960666819e+00
6.283114257504127664e+00
6.290935929199487298e+00
6.292237768994883851e+00
6.304570060714386415e+00
6.310245931066211789e+00
6.312657974514817916e+00
6.317835371357751306e+00
6.319705577083735371e+00
6.321418456786260798e+00
6.321787984783162173e+00
6.322011490009742829e+00
6.323628128825397710e+00
6.324508005855001613e+00
6.325293262497483582e+00
6.325655737607629447e+00
6.336689234123833891e+00
6.341058194818133487e+00
6.344097128834176758e+00
6.344239636433588458e+00
6.348245327535659399e+00
6.349061514101350667e+00
6.349839013267947863e+00
6.357418654103773825e+00
6.357582475476773354e+00
6.357974068589130390e+00
6.359110315715572170e+00
6.359457590885646106e+00
6.360230752062484783e+00
6.364447032069832311e+00
6.364798411578857618e+00
6.366120269022815137e+00
6.368135149639726045e+00
6.368420564080843782e+00
6.369613896949473109e+00
6.370223062703563421e+00
6.375380775006135536e+00
6.376037985750205195e+00
6.381466661047381805e+00
6.383087746469977120e+00
6.383514410914660431e+00
6.383971907766603060e+00
6.384746625699811773e+00
6.389144350329899247e+00
6.390733084520356933e+00
6.393088910738925712e+00
6.394036071370519991e+00
6.395266918476508522e+00
6.395443584433923689e+00
6.400001339449023163e+00
6.402204722711610785e+00
6.408696075577232421e+00
6.409230467015547106e+00
6.414186556446438203e+00
6.419369194297151360e+00
6.419599485868584310e+00
6.420772480367446633e+00
6.423975227380926967e+00
6.425959026110287020e+00
6.426047750026349092e+00
6.426916552272143868e+00
6.427155778421566268e+00
6.429492388048578810e+00
6.435019870699327349e+00
6.435313597132496177e+00
6.437332882342365892e+00
6.442275598662495106e+00
6.446447004489363586e+00
6.446853882179869544e+00
6.447731238880224147e+00
6.452252397189276678e+00
6.453098525232807248e+00
6.453716046645874727e+00
6.454436586215042126e+00
6.454954243905572930e+00
6.455051234095693147e+00
6.458302235101131217e+00
6.460301123765276543e+00
6.462253162076859070e+00
6.467645512383739081e+00
6.467913210209525587e+00
6.468775731086676473e+00
6.473491493411449582e+00
6.477347256760928929e+00
6.480084672699492288e+00
6.484041247094280536e+00
6.489408354413121138e+00
6.491001494563837682e+00
6.492700782240797608e+00
6.493435002805740375e+00
6.497932508414428376e+00
6.499186342507685232e+00
6.499844139541938404e+00
6.500724855337362662e+00
6.502627539744223029e+00
6.502884864910770446e+00
6.508421552267635413e+00
6.511129281449231421e+00
6.513167267517588677e+00
6.513988327166495118e+00
6.515868055463164943e+00
6.517006876720291331e+00
6.517189148604729532e+00
6.528175101444102069e+00
6.528943929621402908e+00
6.532539358266262752e+00
6.533125057232852306e+00
6.536079182492867901e+00
6.536386077064606503e+00
6.540750942747155960e+00
6.543382536874029931e+00
6.546973266981397366e+00
6.550888966613031883e+00
6.551285240462248360e+00
6.558665550729195992e+00
6.559777948869901287e+00
6.563083966846596340e+00
6.571423376795555882e+00
6.574443749017545358e+00
6.576255992009097717e+00
6.576977274615956937e+00
6.577357258243559102e+00
6.580203869992045540e+00
6.580389424619614402e+00
6.580900071195340040e+00
6.582534934114605996e+00
6.586898044211804581e+00
6.590192084037428621e+00
6.590277794575135850e+00
6.590674163694454357e+00
6.591013803210043598e+00
6.593577605647608308e+00
6.593716611518677162e+00
6.594701033365780951e+00
6.595198373355849242e+00
6.595557983707207583e+00
6.597631775638552298e+00
6.599282799171236391e+00
6.600936656695493454e+00
6.603914366850488271e+00
6.606937267470898156e+00
6.607288508400485760e+00
6.610216936175534741e+00
6.617398776497264379e+00
6.618726771694313449e+00
6.619607302183341702e+00
6.624158257946895390e+00
6.627626021003257151e+00
6.628386824560090318e+00
6.629187804464410583e+00
6.630069902630834733e+00
6.631098593497347871e+00
6.635306934581852722e+00
6.637341934818837608e+00
6.641603248520427272e+00
6.645969187058330618e+00
6.646353010366992997e+00
6.648328398125040728e+00
6.652462852057508869e+00
6.653172542963956104e+00
6.654195536604960104e+00
6.657757060947647076e+00
6.658875885121029903e+00
6.660091069052495705e+00
6.666939863787759712e+00
6.669795195673722255e+00
6.672016638873762950e+00
6.674077289012891434e+00
6.675679057558922658e+00
6.678144549665425700e+00
6.679025957905473376e+00
6.686853299064702938e+00
6.688003964575473859e+00
6.698272666465552305e+00
6.698939598323677025e+00
6.707305940547188428e+00
6.709979572339256571e+00
6.710043691007554933e+00
6.718376334397192728e+00
6.718455261747649843e+00
6.720861219834109335e+00
6.722019483104524795e+00
6.722197029836195270e+00
6.722461216438645693e+00
6.728869745428622373e+00
6.733841774918060352e+00
6.744816596425912358e+00
6.748146614717030367e+00
6.753185556353698438e+00
6.754351827612522285e+00
6.755226586048089565e+00
6.756840395939240018e+00
6.758446908190006042e+00
6.759074969176923631e+00
6.765068229096118380e+00
6.765079296001305309e+00
6.765454556586070645e+00
6.769979937805431724e+00
6.771261682447306640e+00
6.772914688629905200e+00
6.775221558512629194e+00
6.777613507300635831e+00
6.780206182976482587e+00
6.782016235142058314e+00
6.790014854695115787e+00
6.792391772337890821e+00
6.793604765393373768e+00
6.794971880684338217e+00
6.803041804984377272e+00
6.808116133622582389e+00
6.810343046536965872e+00
6.811030990790579054e+00
6.814065939830582508e+00
6.815355041247834755e+00
6.816611261110798736e+00
6.817812137669191586e+00
6.818599543458424783e+00
6.819187929378003332e+00
6.822159820378316475e+00
6.824253157946158055e+00
6.826288585909137119e+00
6.829494835569665412e+00
6.832812492666215043e+00
6.834576618138641813e+00
6.836291656267423633e+00
6.837005057180350676e+00
6.838257601445916656e+00
6.838304307292455420e+00
6.838649781945970396e+00
6.843981060017454432e+00
6.846845241118413306e+00
6.847222775619616009e+00
6.849710991209401634e+00
6.855236600115469869e+00
6.855852024885898288e+00
6.855889166220466180e+00
6.856831318506692696e+00
6.869440683164763861e+00
6.872569037545630088e+00
6.875479948116233864e+00
6.883455662198086245e+00
6.888071701921870904e+00
6.891136121410738724e+00
6.891273214922971846e+00
6.891859749977330196e+00
6.903426103592162022e+00
6.903530504674307622e+00
6.910002625068106141e+00
6.911652462869077418e+00
6.913591416791261324e+00
6.918851332797210318e+00
6.919280200434728023e+00
6.919337380990112862e+00
6.920137556956511560e+00
6.923840723524590679e+00
6.924392013556934344e+00
6.925669344760475354e+00
6.926459730592362085e+00
6.927209426364479228e+00
6.929233619352679341e+00
6.937946215722213594e+00
6.940678475907648526e+00
6.942938177069866157e+00
6.950752008146116268e+00
6.956535279206963907e+00
6.969714581566613276e+00
6.977035521819652253e+00
6.979790672349013292e+00
6.980383412380328778e+00
6.980528982961876849e+00
6.982295467725100124e+00
6.983637186840488731e+00
6.984036457810971932e+00
6.988310626062781417e+00
6.994857684468458459e+00
6.998940947316325989e+00
6.999157075302409936e+00
7.000185781939834762e+00
7.005224449917493601e+00
7.012740605558876794e+00
7.013825998879537060e+00
7.014277415518169079e+00
7.016512401545102584e+00
7.016937977259572357e+00
7.033503173817347687e+00
7.035534506319245374e+00
7.040027387187097752e+00
7.043819887908614241e+00
7.046582712396133097e+00
7.050742445617868448e+00
7.057814342827708920e+00
7.058383752746037132e+00
7.061668175513841739e+00
7.063602900783506833e+00
7.067780831748412318e+00
7.070321852968807441e+00
7.072170350933072669e+00
7.077764824064455951e+00
7.087436520532410356e+00
7.087798537059333270e+00
7.093198579373299673e+00
7.093422094403579514e+00
7.094898144235351367e+00
7.095030624298716226e+00
7.096749397026790973e+00
7.104018153107895195e+00
7.104559517280910619e+00
7.104668986336475811e+00
7.105083188060952182e+00
7.106779637041057640e+00
7.111383666615324728e+00
7.114013424903386174e+00
7.114241731559595827e+00
7.116309500307705704e+00
7.117627010653624353e+00
7.117675593540909063e+00
7.121057195831037134e+00
7.122054576497201417e+00
7.123843584425139319e+00
7.124705806983623546e+00
7.128518907252704651e+00
7.128850973079222442e+00
7.131202614709539311e+00
7.131788278752864585e+00
7.136265391783301659e+00
7.139251980060236313e+00
7.142873426932823122e+00
7.145213019174040170e+00
7.148543046321722549e+00
7.149649814140356163e+00
7.150083387257123668e+00
7.151912002937138801e+00
7.164065429121905915e+00
7.171729471313907922e+00
7.173099528084071252e+00
7.178408708937549676e+00
7.180981194495081432e+00
7.187984016481260063e+00
7.193375879927974559e+00
7.194054225174520312e+00
7.197552575280674603e+00
7.198412561517478991e+00
7.200323268783524355e+00
7.201551520825127284e+00
7.201617566750549315e+00
7.203219867886404337e+00
7.203261382117491785e+00
7.205867268683536331e+00
7.206801213992847899e+00
7.210742813953788577e+00
7.212726003540513631e+00
7.216881113249419499e+00
7.222559165928077007e+00
7.223850279509093752e+00
7.226029623206748020e+00
7.232103916607698579e+00
7.233998843419966462e+00
7.234974402319419795e+00
7.240820416645587621e+00
7.249319501763311635e+00
7.253104698746310142e+00
7.257058146096727391e+00
7.257180922334779183e+00
7.257881260386617406e+00
7.258581331693306993e+00
7.258687289778086971e+00
7.268954755832073289e+00
7.273217849571323335e+00
7.274639282522526784e+00
7.274727680266156682e+00
7.277953877241782443e+00
7.279521732375766163e+00
7.279659293377756413e+00
7.286353014610560841e+00
7.289946513577291398e+00
7.293321180661626713e+00
7.294981022626219946e+00
7.299119578261843877e+00
7.299871099033871324e+00
7.301120760955439160e+00
7.301488417756089255e+00
7.301859271611346180e+00
7.315941071619919356e+00
7.320245130197813310e+00
7.332421146335161843e+00
7.338567937247914230e+00
7.340508465041978070e+00
7.342184210365517494e+00
7.343575163307368925e+00
7.350792023042783896e+00
7.353845728847431040e+00
7.362720619560493063e+00
7.366159410135531438e+00
7.366224667689968086e+00
7.367767243838322599e+00
7.371033083748082859e+00
7.377544789767189748e+00
7.377622614579743221e+00
7.384436167294589737e+00
7.387573550530604827e+00
7.388784417729271858e+00
7.390282085190657213e+00
7.393924990588798707e+00
7.393962803196223454e+00
7.396005405011726985e+00
7.397966055040015476e+00
7.398839392276500782e+00
7.407971837151441363e+00
7.408020519219615352e+00
7.410757379353455576e+00
7.413802742166833326e+00
7.414998433601034833e+00
7.416477736747892457e+00
7.422107289398951480e+00
7.424132286294644167e+00
7.424948410922972641e+00
7.426202693085984130e+00
7.434657627464258844e+00
7.435087125549108222e+00
7.435327350197206364e+00
7.436438817927419898e+00
7.438157528174924593e+00
7.441162751678191967e+00
7.441836532337918086e+00
7.442253370900534293e+00
7.450754365003512625e+00
7.461823535542715824e+00
7.464038154329442953e+00
7.467817177551647312e+00
7.468083836360458250e+00
7.469544048875181197e+00
7.471582156885349768e+00
7.475381085641767065e+00
7.482927964270895238e+00
7.483594885849191414e+00
7.485564566688844401e+00
7.486852655908674770e+00
7.487752468512182347e+00
7.490115079377636320e+00
7.491588782004241054e+00
7.491956052701739921e+00
7.493842100260971861e+00
7.494884401734261736e+00
7.495499818307133744e+00
7.496955963346228380e+00
7.500951607692853962e+00
7.501207300751395302e+00
7.504071963409378654e+00
7.506263743271927247e+00
7.509687305578807148e+00
7.511771512771087345e+00
7.515220677772091129e+00
7.517084311253520390e+00
7.518083425200176251e+00
7.520006453758856679e+00
7.520833032826986120e+00
7.521785073473399308e+00
7.522363905899514869e+00
7.536665525450443326e+00
7.548240684490986396e+00
7.551939646415585905e+00
7.554660164980631087e+00
7.559613868176866092e+00
7.561589789872059875e+00
7.563863990429338102e+00
7.563942892501829718e+00
7.564456813067029550e+00
7.564528788759630196e+00
7.567460994766816995e+00
7.568629221363384119e+00
7.572740240407894063e+00
7.585531248727352960e+00
7.586450237172194910e+00
7.588533100926379227e+00
7.594509423042834939e+00
7.602971158751063108e+00
7.605418066922074338e+00
7.610009702768206097e+00
7.610584122422014985e+00
7.617387887424769133e+00
7.626583567585381473e+00
7.635786747827811638e+00
7.636328861245773147e+00
7.640442502483404397e+00
7.645552381716536949e+00
7.652707843076866467e+00
7.653891398815035885e+00
7.659598331493513435e+00
7.661310213287498172e+00
7.665413260670747242e+00
7.668703535103041702e+00
7.672020805642409513e+00
7.674435085028176395e+00
7.675080411993801199e+00
7.675219557244821189e+00
7.685161474201211540e+00
7.687448586904506165e+00
7.693333433005440369e+00
7.696378805110568599e+00
7.708553152892955396e+00
7.708661758854461254e+00
7.709322953215734131e+00
7.713733896162212389e+00
7.717645126889584262e+00
7.719644346237167554e+00
7.721257783856468215e+00
7.721690104512658692e+00
7.722355992120788493e+00
7.722565084141845837e+00
7.723743782794564972e+00
7.730473814728291870e+00
7.730660721817879555e+00
7.732091754547386842e+00
7.735626748913864148e+00
7.749832716007940547e+00
7.751021770750474715e+00
7.754367314679764256e+00
7.761586364569365237e+00
7.761677321113586991e+00
7.767794838204651775e+00
7.768626315403671434e+00
7.768800845741757222e+00
7.773335815209962085e+00
7.783680303002771694e+00
7.788389476186960536e+00
7.789288978541603292e+00
7.795976570062371991e+00
7.807404413349903649e+00
7.818089419675271934e+00
7.819150830745340564e+00
7.819392652658814669e+00
7.820764474864672522e+00
7.825850499606591626e+00
7.826817218425331291e+00
7.830474320114426234e+00
7.830632546648224945e+00
7.832595222852490657e+00
7.835358124149066406e+00
7.855592809470089755e+00
7.857308031103394264e+00
7.862327615577631157e+00
7.866016967244722657e+00
7.866370122064875403e+00
7.866885659742031578e+00
7.870106829349804656e+00
7.870474891777488935e+00
7.874716002676984239e+00
7.884637581576984466e+00
7.885259642327143936e+00
7.899633699872376624e+00
7.900674250681748667e+00
7.910468783279521077e+00
7.911935505060117890e+00
7.925685542634682612e+00
7.927910744450051617e+00
7.929747054796567163e+00
7.930139488833937378e+00
7.932649212529564231e+00
7.934000440713433910e+00
7.937558981056741736e+00
7.938039426402372811e+00
7.939752844053146852e+00
7.943547988754371403e+00
7.952651881200179851e+00
7.955077196933472372e+00
7.958457495455936836e+00
7.963670656411334647e+00
7.972737958593853591e+00
7.974675656959301584e+00
7.975612998643359930e+00
7.980150828468300261e+00
7.984624010710452247e+00
7.991535875402377087e+00
8.002204794564995893e+00
8.003334049109112058e+00
8.010632126149481280e+00
8.012753492865751781e+00
8.015942432883907287e+00
8.017824258823070593e+00
8.022246874872442035e+00
8.023367458942235686e+00
8.023595790185332532e+00
8.026552233718273754e+00
8.032740792146118025e+00
8.035287852565362599e+00
8.037109332658062044e+00
8.037819322755128226e+00
8.046064590339288003e+00
8.046449177083333737e+00
8.050737017001734941e+00
8.051791164354112240e+00
8.054040905806528983e+00
8.063828856507543108e+00
8.065245037468157463e+00
8.067584036198656605e+00
8.070807840132102839e+00
8.077037971419278151e+00
8.079934979859100252e+00
8.087386696052654145e+00
8.091281844204930351e+00
8.091941248084280502e+00
8.092978228257544870e+00
8.093388610995431165e+00
8.096677465529641182e+00
8.100345665657913585e+00
8.102295885125647246e+00
8.106271350070247905e+00
8.108481003886012672e+00
8.110203238833619821e+00
8.111199622061215919e+00
8.111859606151835322e+00
8.113488868784511254e+00
8.114660360479071244e+00
8.115311568477910242e+00
8.120801892499796892e+00
8.122881562121285981e+00
8.123347730769674868e+00
8.132035267507697895e+00
8.135236360443196091e+00
8.138782251338064100e+00
8.139387284565680503e+00
8.149610169137114113e+00
8.154149153025839425e+00
8.157267173126482973e+00
8.158779880261294082e+00
8.160737800162950251e+00
8.162651009932980983e+00
8.164098770628314128e+00
8.165272806061750543e+00
8.168145253050363763e+00
8.176741667155400961e+00
8.178014055256664250e+00
8.178984209445820497e+00
8.181842064240893109e+00
8.184177250667115544e+00
8.189001247004968675e+00
8.194933744074216264e+00
8.202374558865006549e+00
8.205730146535834990e+00
8.205942266796254714e+00
8.219489128892981000e+00
8.221106037271699307e+00
8.223751484085784824e+00
8.224078374866476082e+00
8.227212511997036515e+00
8.227428836933823320e+00
8.228907628833367127e+00
8.233825884900447534e+00
8.236301136223238117e+00
8.236572714147483154e+00
8.240083594211032647e+00
8.240207489219194770e+00
8.240629576898392372e+00
8.257084669224219908e+00
8.259079291710113679e+00
8.268666558465596950e+00
8.269931747767820696e+00
8.271905143175288799e+00
8.279727535297471519e+00
8.280526090822737828e+00
8.280793377872431194e+00
8.294197957878465033e+00
8.296612240786352288e+00
8.298745597288409215e+00
8.299080586780720026e+00
8.300189034799419829e+00
8.301420099601315883e+00
8.301576274346230022e+00
8.306256312278110343e+00
8.309755726797693143e+00
8.309760324969715839e+00
8.320349821360631282e+00
8.324713154882916299e+00
8.333765845083700441e+00
8.335016553764415193e+00
8.336763603718525317e+00
8.338526403821981958e+00
8.344687596502495808e+00
8.347532065765767229e+00
8.354528341461630703e+00
8.357652026808281676e+00
8.360384529474426785e+00
8.367723593192865295e+00
8.383202133645980325e+00
8.384007983206632986e+00
8.391472196498151348e+00
8.391751702140131997e+00
8.398335942226824002e+00
8.399624410582534395e+00
8.403710703084282585e+00
8.405137151031388143e+00
8.405405026862803552e+00
8.411988901901539251e+00
8.413128579118886563e+00
8.417782132799562334e+00
8.417821435779043071e+00
8.418553316442196177e+00
8.419970005556043802e+00
8.424341397969623557e+00
8.425174248808250610e+00
8.431603447992152667e+00
8.433803299523582098e+00
8.451033168861531664e+00
8.451538076698380308e+00
8.457436213768945166e+00
8.468510960133345478e+00
8.468912863756004938e+00
8.471903433529716310e+00
8.472519513027878091e+00
8.477800951073609426e+00
8.484049525598283736e+00
8.488540703280046174e+00
8.492478199900977742e+00
8.511434101086237547e+00
8.521398886425879837e+00
8.522780651296885779e+00
8.524559549008817072e+00
8.530768739987300009e+00
8.532791175920751314e+00
8.532970804923875718e+00
8.535295135260772881e+00
8.539634427223992574e+00
8.541073680435134818e+00
8.542982146207098282e+00
8.544929224878567098e+00
8.545517794243874476e+00
8.551235143007001938e+00
8.562831693603380145e+00
8.567808265535557410e+00
8.571436710423512295e+00
8.581906971699767794e+00
8.583446304088315770e+00
8.589203146101258568e+00
8.591048665349896751e+00
8.611876066414945186e+00
8.629044495574426321e+00
8.630492438868476057e+00
8.636587781946229114e+00
8.650332156188676791e+00
8.652841434937929677e+00
8.653737568360021726e+00
8.659583130675757801e+00
8.660065909018710428e+00
8.665882989837612627e+00
8.667762504074104868e+00
8.670731191851135833e+00
8.672976701346497563e+00
8.676613609158435381e+00
8.676912701934790917e+00
8.698489276708210483e+00
8.699060170430049865e+00
8.699255068774954580e+00
8.706796252711203721e+00
8.706885684380374357e+00
8.708615137157417863e+00
8.709083054834778181e+00
8.712293543657841255e+00
8.716169796045655005e+00
8.728952936868372703e+00
8.735000604510714695e+00
8.737281196177523412e+00
8.740338114515420642e+00
8.742673263524245897e+00
8.748849030835886609e+00
8.749235212643824866e+00
8.750454898351275546e+00
8.755828217420152271e+00
8.758990281245896625e+00
8.777373616378492116e+00
8.781191690394757998e+00
8.783258345242883181e+00
8.785615359578260453e+00
8.788409273232849372e+00
8.793664745346744027e+00
8.794956433720605204e+00
8.796175408923874173e+00
8.803645299150527848e+00
8.809026826979222236e+00
8.814775907672729005e+00
8.823741126816035063e+00
8.824752181161274578e+00
8.843454648716257083e+00
8.856617936665609037e+00
8.861215474937399250e+00
8.862196577413016030e+00
8.863832422066636241e+00
8.868338148410961352e+00
8.868521702474909674e+00
8.869551787653342956e+00
8.874015952862805534e+00
8.874763909635293047e+00
8.875246042590427820e+00
8.882123863980320166e+00
8.882348214603677405e+00
8.885300061821656215e+00
8.890058485564754420e+00
8.895057100379185400e+00
8.896922756742119631e+00
8.904422645473699660e+00
8.920491239430882402e+00
8.926061507522840444e+00
8.928723408928405547e+00
8.936507891981984031e+00
8.936668051607060903e+00
8.939318287027516519e+00
8.947141921716204038e+00
8.958707485834144890e+00
8.959458521966331190e+00
8.961384105955954027e+00
8.961987400236612444e+00
8.963528752616809925e+00
8.963750179776365457e+00
8.975253782266731761e+00
8.983354138315561954e+00
8.985074625686197081e+00
8.987899146134722628e+00
9.007088517093684743e+00
9.012291578881274745e+00
9.014294535881429482e+00
9.018982856030230977e+00
9.019173482957828725e+00
9.021818374468267621e+00
9.022057876816147015e+00
9.022746777148254793e+00
9.025718941340695523e+00
9.031775088051107403e+00
9.032907375403999239e+00
9.037301904947403486e+00
9.037575773790960554e+00
9.044345236964367984e+00
9.054316136624617428e+00
9.058719575145769198e+00
9.064938199256189932e+00
9.068382359164527173e+00
9.075602456945974339e+00
9.090694520162125869e+00
9.102255232877611846e+00
9.103432354494927381e+00
9.105868599284089981e+00
9.106564183037587412e+00
9.114146108194242757e+00
9.118408840428143591e+00
9.122916197472504152e+00
9.128450555994083615e+00
9.139621105559621483e+00
9.139700575308831176e+00
9.142137453087565646e+00
9.152223663024333433e+00
9.160984156770128450e+00
9.176535358774250639e+00
9.185272735594439908e+00
9.186967206412365528e+00
9.188382278839902995e+00
9.205164087531422012e+00
9.209271664614579578e+00
9.211915073852527058e+00
9.213723469496985174e+00
9.224239924826898473e+00
9.229355426256773853e+00
9.230379505158795794e+00
9.233923642765104134e+00
9.234423841453841320e+00
9.237541385156045948e+00
9.244936033308125189e+00
9.248393825599155349e+00
9.250349249170351840e+00
9.252911207837620111e+00
9.257187985386375217e+00
9.272742721530574883e+00
9.276279385789999665e+00
9.287923392477503981e+00
9.309438340435958636e+00
9.318269917599323549e+00
9.320806522346821055e+00
9.321116856962117225e+00
9.343459991199804193e+00
9.344765706258225890e+00
9.352332015999191839e+00
9.352630836953629512e+00
9.356573981517160021e+00
9.364224181762562438e+00
9.367366408694262958e+00
9.379161391780051815e+00
9.379450386556165142e+00
9.385835333248564893e+00
9.391858988353785520e+00
9.393218782053429194e+00
9.405445846297196155e+00
9.412540188242099148e+00
9.415487642989532446e+00
9.422529443779854574e+00
9.423464043717592276e+00
9.424247884836541189e+00
9.428117660789407495e+00
9.446573545401907523e+00
9.450799875608833389e+00
9.454589735504837833e+00
9.474479239573399880e+00
9.476286773087389648e+00
9.477541195845997635e+00
9.478030034966851147e+00
9.503607193982052337e+00
9.528511935720896275e+00
9.539599817470042709e+00
9.541630735516061890e+00
9.545464925484385077e+00
9.566622832774440255e+00
9.572308214203589571e+00
9.575061924620365872e+00
9.592441146054030199e+00
9.606029157415472142e+00
9.620931725112741972e+00
9.638363579662538427e+00
9.651565181276303917e+00
9.667625402706280013e+00
9.681042186447060161e+00
9.683402215367028276e+00
9.685935106270546768e+00
9.692193707926531232e+00
9.693600170031748675e+00
9.693996740568573856e+00
9.705773457578251495e+00
9.722834840358622444e+00
9.733993439226498623e+00
9.742346160665245947e+00
9.749182461636982211e+00
9.751131587026085512e+00
9.751231007519976401e+00
9.751764247716284473e+00
9.752038576746313581e+00
9.754955813627770311e+00
9.760055355807352839e+00
9.761392864545403114e+00
9.764396146612009275e+00
9.776657546174837066e+00
9.777534560559843158e+00
9.778300283527773473e+00
9.789664573202275122e+00
9.810632252986318136e+00
9.811153830396987630e+00
9.818610291000224422e+00
9.823680420183238837e+00
9.852851136900349971e+00
9.855638441333425703e+00
9.861103132307880159e+00
9.872553852505761895e+00
9.885226434124286143e+00
9.903440000562055090e+00
9.905122801887829453e+00
9.906453698136537867e+00
9.913342500452088757e+00
9.930578654234704317e+00
