3.910929685641866715e+00
3.912521780528722459e+00
3.938193882518045807e+00
3.945018707454489348e+00
3.967925722141586231e+00
3.978760477542930829e+00
3.987515011426114420e+00
3.988679768469578502e+00
4.003399514516662983e+00
4.009261463163388051e+00
4.032783572960616070e+00
4.037764677691492388e+00
4.045470548707146285e+00
4.047872731756300801e+00
4.050793524066523155e+00
4.058729695684053951e+00
4.061967513593845780e+00
4.062055689369595157e+00
4.074052761349469698e+00
4.075400963167107982e+00
4.110941724240306350e+00
4.116098733519610420e+00
4.125377792978686564e+00
4.126748449239936001e+00
4.129175156748082109e+00
4.142703329751512342e+00
4.144296416242115200e+00
4.155057754232715617e+00
4.207682097896662476e+00
4.211501087313982872e+00
4.214985163892192688e+00
4.219158189217817601e+00
4.224752384145432416e+00
4.228716342050491406e+00
4.229437582501985204e+00
4.230433378420467960e+00
4.233137818589013612e+00
4.233254811082078461e+00
4.241164106115141941e+00
4.246454475356980396e+00
4.248102355895309046e+00
4.254193370588476242e+00
4.258773801724105468e+00
4.267501482242438193e+00
4.267760282272772265e+00
4.279260554786808335e+00
4.282458040273294131e+00
4.301680353619380170e+00
4.303917165827371605e+00
4.306318000349570241e+00
4.307843687894294504e+00
4.308663168809429678e+00
4.309783008885086808e+00
4.311273247111912177e+00
4.312717848379546304e+00
4.329699960723703001e+00
4.330809844971629907e+00
4.336536101258433362e+00
4.353006901532500805e+00
4.361490420487381670e+00
4.377534710777717386e+00
4.380629561507953795e+00
4.399052172980353781e+00
4.405141921724132992e+00
4.411331267194781525e+00
4.416704258519534854e+00
4.425434582581926790e+00
4.426744555036939310e+00
4.429422157121934767e+00
4.433961553647356446e+00
4.435933414076482784e+00
4.440316436077216267e+00
4.444410806197507391e+00
4.447695957881633078e+00
4.452873849027246145e+00
4.455495901721371332e+00
4.455672352690960736e+00
4.460123796650182548e+00
4.467981363504545556e+00
4.472209712189094688e+00
4.480757841721067614e+00
4.482399195516827639e+00
4.492169643785431710e+00
4.508272623926266931e+00
4.509616142363655378e+00
4.517456634936588777e+00
4.518256595076715953e+00
4.519015921814286685e+00
4.523973255076618294e+00
4.524074412937888923e+00
4.530581316112086476e+00
4.533206402034910099e+00
4.538139199066359097e+00
4.538203983364931027e+00
4.541810753755751051e+00
4.545118496455663681e+00
4.547074664001746314e+00
4.549555190301598273e+00
4.551290096258234108e+00
4.552009000152540175e+00
4.555030174223653638e+00
4.561358513658912095e+00
4.562313687877826318e+00
4.564981875861321647e+00
4.568198703454375398e+00
4.568357144254439284e+00
4.581486665587545914e+00
4.584883096606994002e+00
4.592573749813251283e+00
4.593098365858810261e+00
4.600894685231385672e+00
4.606242508036831218e+00
4.610656739921902059e+00
4.618459067537608931e+00
4.619755132966067990e+00
4.620404440731907592e+00
4.623101984826358368e+00
4.623820883205634225e+00
4.627883504569654249e+00
4.631256347418160502e+00
4.637346352780407521e+00
4.648024676081977447e+00
4.649108420065524605e+00
4.651239671183659219e+00
4.653252673946965956e+00
4.653591625781669627e+00
4.661478696343930750e+00
4.662549894095094238e+00
4.666153584638331075e+00
4.667745357745820556e+00
4.669060295662731619e+00
4.671484618213478157e+00
4.672240718134959003e+00
4.673229956646951955e+00
4.673461822838189228e+00
4.680278780067115285e+00
4.683237793997269804e+00
4.691279380762334306e+00
4.691547251221398263e+00
4.695035634055035878e+00
4.695318656751709341e+00
4.698312457633825545e+00
4.702736971850339565e+00
4.706719527355224031e+00
4.712382349567850959e+00
4.715485306349177286e+00
4.715874344178618394e+00
4.719720561365067901e+00
4.721995035554343190e+00
4.722796742904086464e+00
4.725684300372187785e+00
4.731304335932265737e+00
4.734536676089301288e+00
4.736206037840553940e+00
4.744514047966295500e+00
4.753454208218859556e+00
4.754116178564591344e+00
4.758230959298916041e+00
4.763780337538324972e+00
4.765675601930371208e+00
4.768511405344216136e+00
4.769239021520838229e+00
4.778955003094818466e+00
4.779299040842632351e+00
4.779741580140608015e+00
4.782304056296377226e+00
4.782895738522662477e+00
4.784976356523904961e+00
4.790808267401193810e+00
4.793527876354668926e+00
4.794351211338135244e+00
4.794769025421777187e+00
4.795834070593728349e+00
4.801098603760725503e+00
4.801111092926257484e+00
4.805098944308986653e+00
4.805552920911676296e+00
4.806894522704187267e+00
4.811198321543093570e+00
4.816304433214122049e+00
4.819583533540400921e+00
4.820875475916253983e+00
4.829423000344492678e+00
4.829652719339151190e+00
4.834080128068441340e+00
4.841125021799286721e+00
4.842356615254364449e+00
4.843280090272683580e+00
4.844349555519481321e+00
4.849796309620368895e+00
4.850778324799387420e+00
4.853732931531109962e+00
4.858318256015254022e+00
4.859790671006977369e+00
4.863162514016820204e+00
4.864350640152146354e+00
4.865842007557122706e+00
4.866694737333609133e+00
4.868107432478831598e+00
4.870100947130675095e+00
4.876157630098301610e+00
4.877533205511684677e+00
4.879181960585843747e+00
4.881550526978611693e+00
4.891874398533595958e+00
4.896420577480977698e+00
4.907203783127471297e+00
4.907532877104488378e+00
4.911626948665896997e+00
4.922661841107347058e+00
4.926692607860640116e+00
4.936015105940939840e+00
4.937812240916698237e+00
4.940016688939108391e+00
4.949041570643774257e+00
4.949849372714490769e+00
4.950346071701714479e+00
4.951274539900991201e+00
4.952804820016017295e+00
4.954006548785450548e+00
4.965364219095697251e+00
4.975323280980113339e+00
4.978630507733745603e+00
4.978761230877796429e+00
4.979828027611481467e+00
4.982840906823893690e+00
4.983257428704793490e+00
4.989693044461528615e+00
4.997439988460535609e+00
4.999533540132080844e+00
5.005113784930990128e+00
5.006511704412843322e+00
5.014448976805646829e+00
5.022895061963293273e+00
5.023912079923301910e+00
5.024188595644881516e+00
5.025878202443561094e+00
5.029266456213873582e+00
5.029752939752235363e+00
5.036527199498097573e+00
5.036658997895338885e+00
5.037983482288970194e+00
5.042220485851561129e+00
5.043114619016529687e+00
5.043564773117982014e+00
5.046059741269909082e+00
5.048985497203770656e+00
5.058249931687549328e+00
5.062344342906754946e+00
5.063013225789378069e+00
5.064446339197730573e+00
5.066556901099104060e+00
5.068793696632828194e+00
5.069393837823075621e+00
5.071176840622919180e+00
5.075671182394242642e+00
5.075786526700840184e+00
5.076045394984380899e+00
5.077044468350460527e+00
5.078098795456821968e+00
5.078773957207345369e+00
5.084380880632826560e+00
5.089464363193712870e+00
5.099711788873097618e+00
5.106014677414538738e+00
5.115881233486637925e+00
5.116910917220941712e+00
5.119290465453514294e+00
5.124390083406090035e+00
5.125802909713760513e+00
5.127820540208003486e+00
5.128410932360916163e+00
5.139355877296783781e+00
5.152633002434010123e+00
5.160321668097180847e+00
5.161732274577675028e+00
5.164684016576007508e+00
5.165676734887369115e+00
5.167404953931030498e+00
5.170043223249772169e+00
5.172883446988824296e+00
5.173439421437151076e+00
5.173889718592385556e+00
5.174546189379368499e+00
5.185366367542405541e+00
5.185929869314262142e+00
5.187512746624207693e+00
5.194106306227349812e+00
5.195710802414013507e+00
5.197861295391019709e+00
5.201197650057176602e+00
5.202243648864753212e+00
5.204187894847210671e+00
5.204474253829145525e+00
5.205357027830531891e+00
5.209936670830581207e+00
5.214053545250097343e+00
5.216021590854855283e+00
5.220375188793046739e+00
5.224246479489770500e+00
5.227459389720006122e+00
5.230369297552664776e+00
5.230808221518673307e+00
5.231545824832545932e+00
5.241234495138048288e+00
5.246323054747268344e+00
5.251817514986006685e+00
5.256005844763827817e+00
5.256689174003598808e+00
5.258452053098347179e+00
5.260311579951587824e+00
5.261842800583125701e+00
5.264534825055157796e+00
5.268878875264134898e+00
5.269222810007654800e+00
5.271484856932946883e+00
5.271607667494770944e+00
5.277089227911706537e+00
5.279610716516185853e+00
5.281736467829452941e+00
5.283501776948827278e+00
5.285164394427355639e+00
5.286277403759913618e+00
5.287266522797990476e+00
5.287510177779635612e+00
5.288113797136876570e+00
5.288260675637256547e+00
5.289766942685595552e+00
5.291388587673622190e+00
5.294289587797686103e+00
5.299455295330417037e+00
5.299625521508365189e+00
5.305749582539863951e+00
5.313142080193199668e+00
5.314615550822466616e+00
5.318213939126879453e+00
5.318358140347033469e+00
5.321498791966620345e+00
5.325767420395142615e+00
5.343042831683272986e+00
5.347811044568008931e+00
5.349891743007400002e+00
5.350033334606292712e+00
5.350711432897932163e+00
5.351186438002367041e+00
5.352068871092130031e+00
5.352796148211689697e+00
5.355140064216532103e+00
5.359622405819638225e+00
5.360771765522550858e+00
5.362315253836348994e+00
5.364098365263497037e+00
5.364289258281349504e+00
5.366395320903814437e+00
5.370730189902465312e+00
5.374511979434423381e+00
5.385052130108961777e+00
5.389864495778646791e+00
5.390072376668014975e+00
5.390797043600326077e+00
5.390985763847377044e+00
5.392977654895533490e+00
5.396678821158211292e+00
5.398712701203460362e+00
5.403509820109382744e+00
5.413991741887248743e+00
5.414198622610237877e+00
5.414902194459111584e+00
5.416066992984047701e+00
5.422878993007627990e+00
5.437379206783226948e+00
5.437448804091139287e+00
5.439302359271431797e+00
5.440866408315157443e+00
5.441709654064639246e+00
5.445125149901067552e+00
5.448199830723328141e+00
5.453091806977623079e+00
5.454687547069956288e+00
5.455288587689589797e+00
5.457011304360432469e+00
5.460593259234685526e+00
5.463022767294003934e+00
5.464283063834558085e+00
5.465791894189700351e+00
5.467355598049445042e+00
5.471412952495411375e+00
5.472181128435305020e+00
5.474247590516560180e+00
5.475717170809038414e+00
5.491910397887273199e+00
5.500477192410028415e+00
5.501353503860563876e+00
5.504063767848480282e+00
5.506349477099432121e+00
5.508429343477530438e+00
5.510323273764965002e+00
5.512665095415108851e+00
5.521323905866932336e+00
5.526109824066812060e+00
5.526690930498358689e+00
5.530113822568823778e+00
5.531350007092553867e+00
5.537193879511453254e+00
5.545927703504653472e+00
5.549383022231896945e+00
5.556676806775088906e+00
5.558192466530192277e+00
5.558294485111588301e+00
5.559111117793492873e+00
5.559142918970237268e+00
5.569379949955730602e+00
5.572001261435350905e+00
5.574328048803923075e+00
5.582032812788842335e+00
5.590363984191632163e+00
5.591230017748414660e+00
5.593835229457612357e+00
5.595927745376339857e+00
5.596307527910353130e+00
5.597172161541901225e+00
5.599255130294721994e+00
5.615297134553293823e+00
5.618635717911624639e+00
5.629041115483260249e+00
5.641863848486019961e+00
5.642488817196129602e+00
5.648434378995443872e+00
5.654579662848048471e+00
5.658472663615849108e+00
5.659436585788548690e+00
5.669661007787030194e+00
5.680515952031140792e+00
5.683500596464198473e+00
5.684580883829728926e+00
5.685371383668182510e+00
5.686311126473857058e+00
5.687061089683234094e+00
5.687507624978922038e+00
5.688820625112702700e+00
5.693400191999785420e+00
5.696266503889442667e+00
5.697779250833104214e+00
5.698584939757092016e+00
5.701787426597538122e+00
5.703942489568222918e+00
5.706171561852979579e+00
5.707876915193257794e+00
5.708512278428615971e+00
5.709753292466475116e+00
5.714790303815330041e+00
5.718840498849203868e+00
5.721138964724354459e+00
5.724697048889722417e+00
5.730028565472442992e+00
5.732248634760968464e+00
5.737379742705927654e+00
5.740844199156083683e+00
5.741581224570366793e+00
5.742873661826752851e+00
5.743752338773200350e+00
5.758021790164393749e+00
5.758117316579933309e+00
5.758228917410705527e+00
5.762370958550704358e+00
5.765232632904920607e+00
5.768087794877679642e+00
5.769079851888154309e+00
5.778630868216284355e+00
5.789275928847532171e+00
5.794346778720421476e+00
5.795092546321399141e+00
5.797279357430913826e+00
5.799869087560266756e+00
5.809690454258862324e+00
5.811274290392479891e+00
5.815992754456560831e+00
5.816363938958904356e+00
5.818016654198206794e+00
5.821376642948093760e+00
5.823876980997574115e+00
5.824322799835432107e+00
5.837608691031290320e+00
5.842194670302632176e+00
5.843989418211417153e+00
5.852339740146338620e+00
5.853976357076876802e+00
5.856831740427827171e+00
5.865426483473449970e+00
5.869236383444696337e+00
5.870238617711754259e+00
5.874275593392077610e+00
5.878427361575661259e+00
5.882249563737429909e+00
5.886161567103622261e+00
5.889249166345100761e+00
5.889250540179301829e+00
5.889413556251765769e+00
5.891034383439846422e+00
5.891623000483463102e+00
5.896690925303476938e+00
5.898983905373789582e+00
5.914404119180184161e+00
5.925688539265522969e+00
5.940576364580292257e+00
5.941207743242100214e+00
5.946494799665608788e+00
5.946995635737607699e+00
5.948320317115305400e+00
5.954596459648134221e+00
5.959743855829521486e+00
5.963046097603983853e+00
5.970497562981226913e+00
5.970899897797239397e+00
5.972156614129465524e+00
5.972876899243320103e+00
5.973875560700292020e+00
5.974412433151385038e+00
5.979142756920154511e+00
5.982694053149391955e+00
5.982868726019328065e+00
5.982997939100330065e+00
5.985344296523115837e+00
5.986882719373517681e+00
5.993523763673358040e+00
5.998147399163042515e+00
5.999002224674825356e+00
6.007568856850499017e+00
6.021746918284553551e+00
6.030100433499133494e+00
6.036374040962988019e+00
6.048931450691624967e+00
6.049859025180130523e+00
6.050494501775262712e+00
6.052839458751016366e+00
6.054725153875465615e+00
6.061520792824872217e+00
6.062790411403607749e+00
6.069765028225188708e+00
6.069958958419587880e+00
6.071767182903538895e+00
6.072915596892302759e+00
6.076297386729072159e+00
6.082267399772481653e+00
6.082663118004670189e+00
6.099334359157397856e+00
6.106205960023877388e+00
6.109508933208303461e+00
6.110416582746773351e+00
6.119243070416039210e+00
6.120107510179454202e+00
6.135876798197292814e+00
6.138394360033151642e+00
6.141594479356991876e+00
6.145998354561179156e+00
6.151720188745015250e+00
6.154017585169782478e+00
6.166347040952650183e+00
6.169058327744626702e+00
6.175386933571673787e+00
6.177823514871008115e+00
6.179915698388461109e+00
6.184738174496991370e+00
6.194043344416452435e+00
6.208018324155968770e+00
6.211185948105826249e+00
6.213918439780585778e+00
6.214663796744964941e+00
6.216067553861350348e+00
6.216190617365423776e+00
6.227496240327837107e+00
6.231369626979367915e+00
6.234006384879975826e+00
6.236279415925552350e+00
6.238779358857330593e+00
6.240556022417206528e+00
6.246068188518264286e+00
6.264487757884354302e+00
6.266924965542128412e+00
6.267265964792126276e+00
6.269964723515964344e+00
6.279217221363684764e+00
6.287672629763707555e+00
6.287966658439070322e+00
6.295607586891094343e+00
6.299234384332124570e+00
6.304206544930341494e+00
6.307652032986895030e+00
6.317892249173010732e+00
6.320965622811044682e+00
6.322237428770489664e+00
6.328534781566590439e+00
6.334614501106174522e+00
6.336429369927614630e+00
6.342395219981015408e+00
6.349030991360412379e+00
6.356412033206778389e+00
6.374906196101017386e+00
6.379657006464127811e+00
6.388259718647687713e+00
6.388950333067148435e+00
6.390416902928878429e+00
6.393281737493012429e+00
6.394530514430981860e+00
6.398971266107368550e+00
6.399907603921281662e+00
6.407066955708054401e+00
6.408282484369884457e+00
6.410601739764928197e+00
6.411140997632305272e+00
6.414899310691839496e+00
6.414917598648340658e+00
6.417589772471409049e+00
6.418746465225272146e+00
6.431673567735153974e+00
6.437610626594523211e+00
6.440626906309081079e+00
6.442749741191540203e+00
6.447063645421097000e+00
6.455193824274493508e+00
6.464991184951012215e+00
6.471766650456776127e+00
6.479837392352425063e+00
6.480357370387548777e+00
6.480531785320905236e+00
6.492598657522397509e+00
6.494030657798589345e+00
6.495311098378323322e+00
6.500171737952410211e+00
6.510186515583096245e+00
6.517079156680904539e+00
6.517692633128378432e+00
6.517857562287995954e+00
6.543399165503325676e+00
6.554687719377657373e+00
6.554811161610328618e+00
6.557475877482461968e+00
6.566745130343365489e+00
6.569000885838288895e+00
6.571794686794652840e+00
6.572563142930793134e+00
6.574608757601749787e+00
6.586681932041318355e+00
6.601160571519407938e+00
6.610664318680350426e+00
6.617753665006139485e+00
6.627739285628721611e+00
6.634799987883680750e+00
6.635803001253151479e+00
6.649645131415496735e+00
6.660621303579747909e+00
6.678810516481791026e+00
6.691747622449420341e+00
6.692776730520715311e+00
6.693578498937355015e+00
6.698550459144503755e+00
6.700022720201990190e+00
6.711534644460873444e+00
6.711960710105288719e+00
6.713284473649010486e+00
6.713348370473150695e+00
6.714774430900432023e+00
6.714774867514086587e+00
6.716359016931629178e+00
6.718092809528324771e+00
6.718593264406898413e+00
6.728774415154976651e+00
6.735001180664353271e+00
6.736631278164267655e+00
6.739179354729290417e+00
6.739751901623608710e+00
6.740026873699339838e+00
6.741500578400417609e+00
6.745070679699411542e+00
6.748559399263535319e+00
6.769160785933108215e+00
6.770210023376288078e+00
6.779928179421562007e+00
6.793116084601683369e+00
6.794360021764496160e+00
6.798553920155090857e+00
6.799410382888151361e+00
6.813552832286037031e+00
6.816810667684984004e+00
6.818389888519532427e+00
6.831289222684900686e+00
6.833659223446380437e+00
6.842218956679062991e+00
6.844743747198831052e+00
6.851101975073458306e+00
6.857469753536083346e+00
6.874470598081207307e+00
6.876195669152188827e+00
6.887333218396132217e+00
6.897541847373489965e+00
6.901456091470234533e+00
6.906118621170733718e+00
6.911463576129500019e+00
6.914734570764994537e+00
6.920792664360925883e+00
6.927271002786048903e+00
6.933539861648472247e+00
6.952846191324845826e+00
6.955956933056463676e+00
6.959484173860542633e+00
6.964805877281511570e+00
6.974077038559566510e+00
6.979102361743023231e+00
6.985687469579723086e+00
6.992320678115245158e+00
6.993989556516200246e+00
6.997021021531305784e+00
7.008282365040646056e+00
7.011419898372851733e+00
7.021907638507237870e+00
7.023633585101839216e+00
7.026709003247624707e+00
7.040362801129395720e+00
7.042122297891149962e+00
7.043279787033841721e+00
7.046315547488017472e+00
7.049761390914204284e+00
7.050206886958446439e+00
7.054079085212191735e+00
7.077157822723907366e+00
7.088354159994409542e+00
7.109172828549628065e+00
7.150515247141838060e+00
7.166660836722947181e+00
7.168092452234555267e+00
7.169293703634529002e+00
7.172959042690586706e+00
7.175255903619990328e+00
7.177635181982803481e+00
7.189897730451167313e+00
7.238527019280488695e+00
7.241381512035769852e+00
7.249525590034081368e+00
7.256270354982132353e+00
7.259417634794266938e+00
7.268901028438726541e+00
7.269976521702026240e+00
7.278568207476312502e+00
7.281652657692749386e+00
7.297449552853955801e+00
7.313437869377088063e+00
7.328415698861459937e+00
7.351528373448995346e+00
7.362601946693737354e+00
7.363382641217162572e+00
7.366869489510615487e+00
7.381622370048943615e+00
7.409311386500415431e+00
7.424340833070234957e+00
7.426309084678028860e+00
7.439500295782466743e+00
7.449118254865124023e+00
7.454153405421942935e+00
7.488250937478727387e+00
7.505551347904843240e+00
7.508437070899941723e+00
7.509574019982023785e+00
7.516960272546008959e+00
7.527002624192891567e+00
7.527394059640552193e+00
7.531274638349395367e+00
7.533920586561968058e+00
7.534904733693483792e+00
