4.405283194914537681e+00
4.416652521957270316e+00
4.420634664337836917e+00
4.424240408873818531e+00
4.426457020531981534e+00
4.447072492595385285e+00
4.450741569173442436e+00
4.466916770474472109e+00
4.474999988246121774e+00
4.503146844129204851e+00
4.546681097349658529e+00
4.567047286057834832e+00
4.575768054531099693e+00
4.582384333329762249e+00
4.586011400652842518e+00
4.594365141761736382e+00
4.604199379434897210e+00
4.629468706915078613e+00
4.629638897946222187e+00
4.635340682671369450e+00
4.649279902219134897e+00
4.650297497793898671e+00
4.676684211479578579e+00
4.690792059592985730e+00
4.690991835173474733e+00
4.702019398842324449e+00
4.702240092691282847e+00
4.705491418969569573e+00
4.718925999950938532e+00
4.722470022163655301e+00
4.730181431746419030e+00
4.734011584262764138e+00
4.743379893313852236e+00
4.773298497718236888e+00
4.777763564882866021e+00
4.788904507175939962e+00
4.789402563277114666e+00
4.851040579139099584e+00
4.855306498842928420e+00
4.879435475972825564e+00
4.880397039450594221e+00
4.890184405051016370e+00
4.909612264750850663e+00
4.912841840785461045e+00
4.919271826950502025e+00
4.952221960663207412e+00
4.953323756443676729e+00
4.971895346524986437e+00
4.976216934157333682e+00
4.981559500967070342e+00
4.994233188329748607e+00
5.011035514812884450e+00
5.014277525848569894e+00
5.014374573814786018e+00
5.016089866653856255e+00
5.016645607724591116e+00
5.021442643333817735e+00
5.024162466997647236e+00
5.030368811248852268e+00
5.037714139815506975e+00
5.039516223609513901e+00
5.044865912174320677e+00
5.058901970471536558e+00
5.060546856109525038e+00
5.069097418128484023e+00
5.073707044164078361e+00
5.095449726008881797e+00
5.123345466498520295e+00
5.136678493841383641e+00
5.138777989472762542e+00
5.166787064513039596e+00
5.168084469773667422e+00
5.174746673829338839e+00
5.176297502213947688e+00
5.180148346180864394e+00
5.181031162454549310e+00
5.183829027696129188e+00
5.193203483326873204e+00
5.194814876469337150e+00
5.203917803431301614e+00
5.206419843377166679e+00
5.221703003788375597e+00
5.241445494705598840e+00
5.299123730095641527e+00
5.313896275531030611e+00
5.339464848089330751e+00
5.356648447029802362e+00
5.358137209878818474e+00
5.360013547268224876e+00
5.368280283467545821e+00
5.368954607521492228e+00
5.376543899548014593e+00
5.383016640007510567e+00
5.384753803407870798e+00
5.385291408506065913e+00
5.387573747700605153e+00
5.390834027972252862e+00
5.399820270259830579e+00
5.403362968336323569e+00
5.405643807611771656e+00
5.418386614985725380e+00
5.425373148221966701e+00
5.428994968255756781e+00
5.437483807138933756e+00
5.465159395224277183e+00
5.474078996914293782e+00
5.476200694390215951e+00
5.487945009679519259e+00
5.494673378929106455e+00
5.498105909824945847e+00
5.516814820646424700e+00
5.523110496819943371e+00
5.531018174737980075e+00
5.545251276483095459e+00
5.549392204477906709e+00
5.549669459956146689e+00
5.559689240671552568e+00
5.562972704594472795e+00
5.569309317765064549e+00
5.576161329529658595e+00
5.580267114577788234e+00
5.592472191354645794e+00
5.595881985860408747e+00
5.622785389296154790e+00
5.623561697025623474e+00
5.634877132696119340e+00
5.636330610929598528e+00
5.639021972457723741e+00
5.646572144874288490e+00
5.648209267152884294e+00
5.663945727815898223e+00
5.667195712402380181e+00
5.671362931590273604e+00
5.681419039803004445e+00
5.690206623979968903e+00
5.691642603697042446e+00
5.699884987528247571e+00
5.705934025144108190e+00
5.710395634863925984e+00
5.714266162569433760e+00
5.725676445304713980e+00
5.748658710504496838e+00
5.769150305567623427e+00
5.808508450432692705e+00
5.809097866000307420e+00
5.814183953969387808e+00
5.826553096725393566e+00
5.833091641993855880e+00
5.833537434893583118e+00
5.840190379633320994e+00
5.843612865297920678e+00
5.850983318054778337e+00
5.851215215554785409e+00
5.854154072194794445e+00
5.857332854979460990e+00
5.868742580427773525e+00
5.874230490537420302e+00
5.881548649889445812e+00
5.900206151484536754e+00
5.904213794306867769e+00
5.909816206918713455e+00
5.910218233022712653e+00
5.913647638260366435e+00
5.919170427792685985e+00
5.921367157285164495e+00
5.930034994622216615e+00
5.941117850609034079e+00
5.951684729305668498e+00
5.958715113542715436e+00
5.963373958428277000e+00
5.980780117178330357e+00
5.981956647819727024e+00
5.983139213933734268e+00
5.983554263186934286e+00
5.986799429189515465e+00
5.995967737927452745e+00
6.001274176365354762e+00
6.014718816773211074e+00
6.034822295187844965e+00
6.040785854678031086e+00
6.070076558517987664e+00
6.070654864508806092e+00
6.076572641977576517e+00
6.077964573686042371e+00
6.098750566338908108e+00
6.104945576260583096e+00
6.116412449743013013e+00
6.116501927283839457e+00
6.123502169638807224e+00
6.128041357993467386e+00
6.134962201512155211e+00
6.145961561953810381e+00
6.160042298628368940e+00
6.165066822901491328e+00
6.166755782288550591e+00
6.177597435169595030e+00
6.179359597814375604e+00
6.186506227906173550e+00
6.190812503423078539e+00
6.194457871130579107e+00
6.200450340265263982e+00
6.208798159029428554e+00
6.212192457271811463e+00
6.212432449791932321e+00
6.238844983606606220e+00
6.240128362804309603e+00
6.252331810831047498e+00
6.263013169631751254e+00
6.273935847834045454e+00
6.281846520996318795e+00
6.282533766077418314e+00
6.288505023295724250e+00
6.315427195600870292e+00
6.320087323036008620e+00
6.321707930364334871e+00
6.331812637416496692e+00
6.331948583245993412e+00
6.332439469501573548e+00
6.338278509549708062e+00
6.342297314770524608e+00
6.342888467281200704e+00
6.346038307003695422e+00
6.359715388683263804e+00
6.379914556605897680e+00
6.382889592404990431e+00
6.384193541245524628e+00
6.386751029235722577e+00
6.387254115681776589e+00
6.395950515511555245e+00
6.404812712608953795e+00
6.405740666348976653e+00
6.406196031978153904e+00
6.415195342519825594e+00
6.415322062406089820e+00
6.436319398967428107e+00
6.438519669357458675e+00
6.447447960840354320e+00
6.453497422533624572e+00
6.457510940390494447e+00
6.461291137345043012e+00
6.463345914274155390e+00
6.472861504716675540e+00
6.475579128739085810e+00
6.486956209147092700e+00
6.488453246744224856e+00
6.491029939404185711e+00
6.495467729362523812e+00
6.497350834384985063e+00
6.502041488513792267e+00
6.510517710845298289e+00
6.511002159203815864e+00
6.520732099332865239e+00
6.526463704477431627e+00
6.541842258438251179e+00
6.544840848062523975e+00
6.548246644208752798e+00
6.553700995451118949e+00
6.561282349323297680e+00
6.566685339255861287e+00
6.580191888409499867e+00
6.584587034590257737e+00
6.595923070352997186e+00
6.596696756644226944e+00
6.603519091388500684e+00
6.607807733588586530e+00
6.616923943011585152e+00
6.619718647685288282e+00
6.621084437910143450e+00
6.624732365866519146e+00
6.628340692396895051e+00
6.631296306523594808e+00
6.638031257981894306e+00
6.640491357036350628e+00
6.640697355809153990e+00
6.643253676573453781e+00
6.656481036305704535e+00
6.659067540526296014e+00
6.665707107566614553e+00
6.670612348586096196e+00
6.674666501004953290e+00
6.678798748507835725e+00
6.682237778024645358e+00
6.684739551035391969e+00
6.698165104630183997e+00
6.709535694980640841e+00
6.713316191370842567e+00
6.727974950080173322e+00
6.740611453267332465e+00
6.741138176912683910e+00
6.765736582773866026e+00
6.773021626719571309e+00
6.774648198590178083e+00
6.776039749694008130e+00
6.776526479897573729e+00
6.780336750882051788e+00
6.780928128311935588e+00
6.793813093511469781e+00
6.798747781459613115e+00
6.817253294067031177e+00
6.818010339157637212e+00
6.825678614228893437e+00
6.826023619916690599e+00
6.835481660528841985e+00
6.836638155145922546e+00
6.838907446562055625e+00
6.847528048098634024e+00
6.848362416219207383e+00
6.857009560652632452e+00
6.861616621401421590e+00
6.865123213557215998e+00
6.873902071254923918e+00
6.880001600381087989e+00
6.892722906842988273e+00
6.897480614113387531e+00
6.909804765691721862e+00
6.912878554635750739e+00
6.915215121599989523e+00
6.915954424912396092e+00
6.917444688368266981e+00
6.930786427636453695e+00
6.930809782548227993e+00
6.939610643825714575e+00
6.942135016514439982e+00
6.946239047595987870e+00
6.947363260414939568e+00
6.972152219117197625e+00
6.985649363797469036e+00
6.989619667994919183e+00
6.996569290027317756e+00
7.009344734028650770e+00
7.012450887344574113e+00
7.021089941076712471e+00
7.022643540383325167e+00
7.024645121862484132e+00
7.030098591014380283e+00
7.032474639680456718e+00
7.033834423069415642e+00
7.034583844918294027e+00
7.053057477700026112e+00
7.053755393676291341e+00
7.067477285823200894e+00
7.070696600564827072e+00
7.080127514820075518e+00
7.080897298243492344e+00
7.085298883347726395e+00
7.093619088871620626e+00
7.095575272016700019e+00
7.111566628736587070e+00
7.111905091303458271e+00
7.118983013153653339e+00
7.130175271202377374e+00
7.132206535393552649e+00
7.141200218657496102e+00
7.144375480168962511e+00
7.156494970477557338e+00
7.174978661082472620e+00
7.181974094492236560e+00
7.192864172519239929e+00
7.207292879235311922e+00
7.212344620505211523e+00
7.212784233428425118e+00
7.214936413740510091e+00
7.215715905505381222e+00
7.230085926520005479e+00
7.231709197931222910e+00
7.234666641606056103e+00
7.256664921340679975e+00
7.260453497101992504e+00
7.264336836219447591e+00
7.268251265886304324e+00
7.284363980130172500e+00
7.293169321749944700e+00
7.305335441588822754e+00
7.316493252697044980e+00
7.325510224984447483e+00
7.341428870258035033e+00
7.347256728338973808e+00
7.352953354868246194e+00
7.364720845460865029e+00
7.367394902011269231e+00
7.369172828478442128e+00
7.371559994184325504e+00
7.378970997242756624e+00
7.379200222191968805e+00
7.379617809483369761e+00
7.382749130640132940e+00
7.393727780001669636e+00
7.393906445582641318e+00
7.401399697061828320e+00
7.409047134414210589e+00
7.419106105666459783e+00
7.420180292020435608e+00
7.438114426603664064e+00
7.440835233254458281e+00
7.462466094950459095e+00
7.463119357267893328e+00
7.465253557122182748e+00
7.467714563211243828e+00
7.476583772492608304e+00
7.493639275102962571e+00
7.497442863580963568e+00
7.502245570959511056e+00
7.510218719510099561e+00
7.527408680647540429e+00
7.529249501351403140e+00
7.532863064718363866e+00
7.535268870428898147e+00
7.536454292145489120e+00
7.537237177316794323e+00
7.542377295420698680e+00
7.550803784815014019e+00
7.556085363672837119e+00
7.559721212150095404e+00
7.568839615062858961e+00
7.573537083002785053e+00
7.573959327472183922e+00
7.577669740829103162e+00
7.579862028218136594e+00
7.581357653346554315e+00
7.586219480284832173e+00
7.593374356565536942e+00
7.605040989403850205e+00
7.613329490809087829e+00
7.615033207330484721e+00
7.617972241868688599e+00
7.626488381281419038e+00
7.629139100254051620e+00
7.629458985340220600e+00
7.649527330087579458e+00
7.649590570154879643e+00
7.660385867545776328e+00
7.664606658643672965e+00
7.666524759285159085e+00
7.668945307696333202e+00
7.669111723146484927e+00
7.671027598978728435e+00
7.677406433492752313e+00
7.683063858534616486e+00
7.696382799808016983e+00
7.701951201643475464e+00
7.708452602593787617e+00
7.717944949943886357e+00
7.719377934447342327e+00
7.721079649292739155e+00
7.727175673415352719e+00
7.729368360825047191e+00
7.731812971328330342e+00
7.740177454368316390e+00
7.740193110663284415e+00
7.740301582363568578e+00
7.740332240037183453e+00
7.742469139856389404e+00
7.751252728915220658e+00
7.751800299209940626e+00
7.752586660557216902e+00
7.756986329331908792e+00
7.760640063783427856e+00
7.764272604686754065e+00
7.770441299860990192e+00
7.770882073947317892e+00
7.777161611659700213e+00
7.779732636391440970e+00
7.779976137643821232e+00
7.793807817932621340e+00
7.801754124257867851e+00
7.807283121957206973e+00
7.807926468045002899e+00
7.812264066810943319e+00
7.813258744346168960e+00
7.813955482076066161e+00
7.817264166598047126e+00
7.832145844910228583e+00
7.869307049294016032e+00
7.883481326747766360e+00
7.883773712576055637e+00
7.886142824084064529e+00
7.895318282079010430e+00
7.901632452185175737e+00
7.906304476767748390e+00
7.911787127391137986e+00
7.912137658263489470e+00
7.916489179157659706e+00
7.921332281052920088e+00
7.934429460719684357e+00
7.939596592817364851e+00
7.943581171970680366e+00
7.948826274715113271e+00
7.961824980532730578e+00
7.962285968640515854e+00
7.969162818564193174e+00
7.974199791097039025e+00
7.977416671087641298e+00
7.978469581002586075e+00
7.980738543564862120e+00
7.993909053303118739e+00
7.995152327412847093e+00
7.997575658533982335e+00
8.004529638631044719e+00
8.014275041981754555e+00
8.016749887663626950e+00
8.018708036223667790e+00
8.022955549103219397e+00
8.023075050086699633e+00
8.026750732267247557e+00
8.030744578771772169e+00
8.034830783918557984e+00
8.036721470940101142e+00
8.036841258692565049e+00
8.039369440368538733e+00
8.048526158351549498e+00
8.048786933290196899e+00
8.048840012142370881e+00
8.050386029512280217e+00
8.055350350900852163e+00
8.056194737440899090e+00
8.064571285313670401e+00
8.066689671192815325e+00
8.067033432216216937e+00
8.071072115155567772e+00
8.085757220117672617e+00
8.091638765042144854e+00
8.115886131976164819e+00
8.120967809110695157e+00
8.135595046140661424e+00
8.135693437252799143e+00
8.143260357550616391e+00
8.143388445492268701e+00
8.148463209492973647e+00
8.150456368117332318e+00
8.157516446196346749e+00
8.158038628893347521e+00
8.160724669844455548e+00
8.176486217068720919e+00
8.178367114656181158e+00
8.188983214222073315e+00
8.189180433033751427e+00
8.189237580625450263e+00
8.189976507790831306e+00
8.193136047586371262e+00
8.195410008189405460e+00
8.197943305129388847e+00
8.210680791691995495e+00
8.210732734547585565e+00
8.215364500259475733e+00
8.216656649328717421e+00
8.227750262929472314e+00
8.234425358586541677e+00
8.235403412255609013e+00
8.240897949777163944e+00
8.242241286874618211e+00
8.245519986697372516e+00
8.254533418935976030e+00
8.264275836683470544e+00
8.273033692867361566e+00
8.277746523740585616e+00
8.280043690032288239e+00
8.293226331537317364e+00
8.300688835148587685e+00
8.315209459952937365e+00
8.320386676953104299e+00
8.321230378983527132e+00
8.334476611997969187e+00
8.339181418935408985e+00
8.351617715679822140e+00
8.362370644126352559e+00
8.372529977762813047e+00
8.389021101111866940e+00
8.390304814317918414e+00
8.392385956093031396e+00
8.396316404897588015e+00
8.410965510057861749e+00
8.428047852674266593e+00
8.428435216552610854e+00
8.429548078062534699e+00
8.446709805454570841e+00
8.450152347668764108e+00
8.459460509122514793e+00
8.463714624886653937e+00
8.471829623926565134e+00
8.472033043383520479e+00
8.473058611976208354e+00
8.473353526082538778e+00
8.480902754541117972e+00
8.493647405642512638e+00
8.505559685444906037e+00
8.507833175988210428e+00
8.511893034703042815e+00
8.518211503976896637e+00
8.519668974392454075e+00
8.520438683445874517e+00
8.522390744313707245e+00
8.524521967037291148e+00
8.528884639245525534e+00
8.539743246682757416e+00
8.543279701863658815e+00
8.550047065701479099e+00
8.554249703482181388e+00
8.560410474626690913e+00
8.576272297050678617e+00
8.578423672012043255e+00
8.588233707258215333e+00
8.589478216727661319e+00
8.590228242898076516e+00
8.596189082095303746e+00
8.597603938883997543e+00
8.598115795221019653e+00
8.605557682196014468e+00
8.621289264965806609e+00
8.622916565392102939e+00
8.623553674880811926e+00
8.625128192219795764e+00
8.626840093388691955e+00
8.626994375434499318e+00
8.628576024058455474e+00
8.629418421106706205e+00
8.634774164643488348e+00
8.634826188824400006e+00
8.636321582179387946e+00
8.647570005582840835e+00
8.656626969378095282e+00
8.667020697581202526e+00
8.673134564840255578e+00
8.680553185137709349e+00
8.690256114771747420e+00
8.703892180429935621e+00
8.708217514004045867e+00
8.724194754504585703e+00
8.726021928743648459e+00
8.727949466187210348e+00
8.737498740906554318e+00
8.742478078489840598e+00
8.743143676760144700e+00
8.745015122165570531e+00
8.756938073202952921e+00
8.757338044772236429e+00
8.767067435923726393e+00
8.778466167273148102e+00
8.800576526677982514e+00
8.801483943684447198e+00
8.802572917845477463e+00
8.812019092426989886e+00
8.814513319159788196e+00
8.815837460572996775e+00
8.822137490602353083e+00
8.838174889379105892e+00
8.844985767316732250e+00
8.854162245059386649e+00
8.855565717691408878e+00
8.860427879559958697e+00
8.879298217513094116e+00
8.881496204360438185e+00
8.893394986060387808e+00
8.896361880002535472e+00
8.897992037430940471e+00
8.906823649223150952e+00
8.909378983712130662e+00
8.910105667886874414e+00
8.912097582437334964e+00
8.912707075304272308e+00
8.914675701876470626e+00
8.915828859387881167e+00
8.948737899394354045e+00
8.949676093767603646e+00
8.960466912116549665e+00
8.960751470649420014e+00
8.977175069856558665e+00
8.992556163523561352e+00
8.995440645780430344e+00
9.001885464470854359e+00
9.012210979926955190e+00
9.016094118914928401e+00
9.019580251549635719e+00
9.028571995425441088e+00
9.051068476473467683e+00
9.062734296849406235e+00
9.065786233662208815e+00
9.079205629703812619e+00
9.080183453874278499e+00
9.090407382399362746e+00
9.092912733803014902e+00
9.098530980548840574e+00
9.102144786719543745e+00
9.114615931650055458e+00
9.125487246400425079e+00
9.154161105538845433e+00
9.154811764648604466e+00
9.157979420189388264e+00
9.168235552629086627e+00
9.174356960029147245e+00
9.187231488501298671e+00
9.193106638894745331e+00
9.201106512185043940e+00
9.201749414511358083e+00
9.211683531874617969e+00
9.213045341417251066e+00
9.223015453033310607e+00
9.234651809175762338e+00
9.246330058528849705e+00
9.251364297484906629e+00
9.271494378553311932e+00
9.293232587370843234e+00
9.295648170825307588e+00
9.296290554717911547e+00
9.298879091187119528e+00
9.312618334766952444e+00
9.328715085416693142e+00
9.330506460905690247e+00
9.337761001524436111e+00
9.338210242390925231e+00
9.338636521680843572e+00
9.339941701589564715e+00
9.343999633717553266e+00
9.346313638456200223e+00
9.363675159602850684e+00
9.372462481014355973e+00
9.412766025440218343e+00
9.413189553931262665e+00
9.419379418434685292e+00
9.429844349234246081e+00
9.435302937535023915e+00
9.439840400466080084e+00
9.460545984590851276e+00
9.471520439214028642e+00
9.480411552382872031e+00
9.506691546683441629e+00
9.508278271302836870e+00
9.510244571723891482e+00
9.517455597050160421e+00
9.521014972781937757e+00
9.528405010294848765e+00
9.567439023200932979e+00
9.575389272217220693e+00
9.577618381525327962e+00
9.582693635852827185e+00
9.583121550263969723e+00
9.589963029404261263e+00
9.598997716549611425e+00
9.613864952839000111e+00
9.616136341430454593e+00
9.624518654111188454e+00
9.640270586712897938e+00
9.642806201122972709e+00
9.656414526232227402e+00
9.664365302940723268e+00
9.665748388409847180e+00
9.670677809512410406e+00
9.682049252764869607e+00
9.703071198078601967e+00
9.705025466595092354e+00
9.713395080227657630e+00
9.723971912895468250e+00
9.744262652481630482e+00
9.746580995712157858e+00
9.753969351425185508e+00
9.759589110661966771e+00
9.766339619095610658e+00
9.776398652925927024e+00
9.779352985385177277e+00
9.803121665075828162e+00
9.813443108144484839e+00
9.820106848249235298e+00
9.821410074551250702e+00
9.830491366757199145e+00
9.853004664000804880e+00
9.857203713655326993e+00
9.862813399053536045e+00
9.873317708962231265e+00
9.892321758545399746e+00
9.919759995412434250e+00
9.931297300518831861e+00
9.939365855941327155e+00
9.940603665570110437e+00
9.953524951922577912e+00
9.965416301178004588e+00
9.966606913464808315e+00
9.969599624944464722e+00
9.984050525336527926e+00
9.984568218301575371e+00
1.003294786799824045e+01
