1.081301437354766470e+01
1.081995666674254686e+01
1.083288014877215488e+01
1.084044934030980478e+01
1.084048234074731987e+01
1.085332611366850841e+01
1.086582297128891916e+01
1.087462758470953084e+01
1.088672910404586247e+01
1.088765582290868394e+01
1.091246651109744015e+01
1.091987380728749280e+01
1.092101401648251091e+01
1.092320798771582879e+01
1.092472243547372912e+01
1.092804175062876837e+01
1.092943836725018514e+01
1.094420983800136682e+01
1.095586808257079348e+01
1.095614360020610611e+01
1.096343874552640862e+01
1.096472248704009367e+01
1.096606219567134843e+01
1.097479330744605619e+01
1.098991719032322933e+01
1.099870796979380927e+01
1.101283455453896920e+01
1.102378873906956791e+01
1.103524998281229230e+01
1.103634386449950178e+01
1.103951953535050556e+01
1.105117104417103313e+01
1.105160386337019673e+01
1.105185733912175294e+01
1.105988860962449571e+01
1.106579848762977569e+01
1.106989948667170687e+01
1.108890251054100062e+01
1.109832404384466287e+01
1.110279837269728453e+01
1.110746457766589934e+01
1.112154961889583227e+01
1.112371810103653935e+01
1.112578976357328742e+01
1.113242549116454683e+01
1.114828889633823827e+01
1.117185330921049058e+01
1.117841056649288944e+01
1.120364125266643640e+01
1.121411126839448436e+01
1.121667157369122592e+01
1.122895627029721410e+01
1.123995721343390208e+01
1.124100568421921587e+01
1.124200072280499541e+01
1.125127261731535100e+01
1.125185603088742781e+01
1.125560575665400087e+01
1.125987113389075667e+01
1.126331601011232664e+01
1.126550021848968441e+01
1.126889105048202744e+01
1.127211846715864141e+01
1.127374189302380358e+01
1.127811123285443173e+01
1.129569282929653973e+01
1.129797119327380805e+01
1.130418094825376762e+01
1.130981196156963620e+01
1.131096935419593841e+01
1.131325999672650440e+01
1.131840528579005500e+01
1.133083151062621852e+01
1.133210762405808225e+01
1.133787376243580525e+01
1.134257402200815434e+01
1.135429155006072577e+01
1.135874444035904851e+01
1.136128148886297140e+01
1.136319211030440357e+01
1.137072960936584565e+01
1.137326536052770898e+01
1.137709934045494187e+01
1.138540904301492773e+01
1.138840642694475846e+01
1.139868695272117982e+01
1.140747949898267244e+01
1.141058532556098903e+01
1.141744129637281446e+01
1.141752490299813694e+01
1.141883457768015120e+01
1.143078329866087905e+01
1.143208878664631811e+01
1.143701089484354050e+01
1.143755451046057914e+01
1.143987522921099398e+01
1.144379549850487265e+01
1.144803632193603526e+01
1.145895142625652774e+01
1.146121419785224127e+01
1.146994776775041203e+01
1.147030367233118753e+01
1.147037514947793468e+01
1.147091305461839283e+01
1.147101969810168143e+01
1.147368172972686828e+01
1.147443580295452037e+01
1.147588748427916983e+01
1.147845046670320102e+01
1.148689465574093482e+01
1.148893965356369939e+01
1.148922446850168200e+01
1.149789923977365902e+01
1.149954487822087756e+01
1.150057105078519193e+01
1.150753359261565478e+01
1.151427147612035284e+01
1.152048098651618346e+01
1.152182895526197726e+01
1.152609308609587835e+01
1.153347302559563126e+01
1.154224176384989242e+01
1.154558889756582118e+01
1.154960151845246052e+01
1.155338485444448615e+01
1.155791381835495990e+01
1.155849770615351346e+01
1.156326236190495216e+01
1.156362964714588060e+01
1.157338219704638504e+01
1.157953658496985305e+01
1.158111452619423787e+01
1.158638121015903977e+01
1.159370923976039869e+01
1.160022492073526124e+01
1.160416664354232452e+01
1.160977868827275650e+01
1.161438754918985516e+01
1.162535785522067222e+01
1.162632003944755965e+01
1.162680031480554810e+01
1.162873814354309943e+01
1.163477403375456554e+01
1.163730697932188463e+01
1.164682372973501678e+01
1.164752763389021695e+01
1.164861224322379840e+01
1.165165939883301860e+01
1.165662278168062294e+01
1.166738895429662648e+01
1.167850573835191774e+01
1.168281428999245541e+01
1.169037403116727170e+01
1.169089033279061418e+01
1.169288557071041978e+01
1.169894302559783128e+01
1.169971928707599496e+01
1.170651875898674632e+01
1.170905904142468046e+01
1.171486981229660174e+01
1.171770100193998942e+01
1.171884708589559310e+01
1.171996526722218590e+01
1.172186247882044796e+01
1.173171506385009089e+01
1.173243446119705524e+01
1.173360305476967547e+01
1.173968284465738421e+01
1.174410999120791566e+01
1.174701209043696082e+01
1.174842402223577942e+01
1.175383746841977306e+01
1.176312264720944256e+01
1.176667994645887561e+01
1.177119448510435795e+01
1.177285330268795249e+01
1.177371601589497274e+01
1.177382787282157039e+01
1.177435996575297850e+01
1.177617996762748476e+01
1.178681762175248693e+01
1.179067807637904863e+01
1.179363087800324017e+01
1.180001002878784178e+01
1.180093532555257241e+01
1.181120396897228098e+01
1.181349026603318109e+01
1.181353775010989438e+01
1.181683597908649830e+01
1.181977330772401302e+01
1.182503285792984649e+01
1.183334715448480345e+01
1.183537003230705587e+01
1.183829790644159985e+01
1.184754629105397505e+01
1.185092651946767006e+01
1.185620601940015106e+01
1.185708712729791792e+01
1.186184010988087678e+01
1.186298706333604791e+01
1.186714353271882416e+01
1.186763901299983104e+01
1.186867134442739768e+01
1.187129087495049085e+01
1.187350819176084649e+01
1.187500123509830274e+01
1.189151672985810926e+01
1.189279864559222233e+01
1.189298619635570198e+01
1.189535449543028278e+01
1.190304817328435938e+01
1.190772536924879077e+01
1.190812536067984873e+01
1.191038205729863542e+01
1.191785008986533612e+01
1.192243258555900276e+01
1.193663311817937789e+01
1.194544580146772539e+01
1.194911171341983902e+01
1.196883660148278494e+01
1.196928714116577019e+01
1.197237293191257024e+01
1.197433772926964224e+01
1.197547666107100994e+01
1.198008726070743357e+01
1.198616247147885261e+01
1.198823399162952619e+01
1.199364168957749932e+01
1.199715589666738147e+01
1.199911111962772203e+01
1.200115565844175514e+01
1.200527796713567241e+01
1.201336671400273204e+01
1.201626029127850970e+01
1.201893975634690115e+01
1.201997178280642409e+01
1.202185423912246520e+01
1.202230632840639224e+01
1.202551768796524456e+01
1.202610278994134951e+01
1.203058917679684292e+01
1.203311629938552940e+01
1.203326023233563014e+01
1.203768348904288032e+01
1.204278255739448866e+01
1.204461394805449004e+01
1.204462139102660601e+01
1.204693412519123008e+01
1.204700743814913189e+01
1.204936731428755792e+01
1.205656148235679481e+01
1.206384468003669141e+01
1.207061453127475126e+01
1.207116466059257220e+01
1.207800737999380658e+01
1.208460197492122390e+01
1.210065937402041669e+01
1.210246407410554248e+01
1.210249645271205843e+01
1.210283504490673856e+01
1.210517320719425705e+01
1.212384965971536133e+01
1.212396541620720924e+01
1.212987884511580106e+01
1.213385639125634796e+01
1.213822273303912169e+01
1.213947551434307570e+01
1.214480250829817187e+01
1.215306259096413655e+01
1.217801335051217748e+01
1.217825240812728360e+01
1.218608373446135573e+01
1.219603691816628555e+01
1.219730173536347095e+01
1.220561759776351707e+01
1.220672103336754688e+01
1.220771408213583520e+01
1.221195975245613141e+01
1.221790270267654321e+01
1.222238082709517570e+01
1.222286771082846002e+01
1.222504058896440782e+01
1.222717577364049646e+01
1.222771515526600261e+01
1.223445675045422476e+01
1.223911415033279582e+01
1.225107015529602172e+01
1.225136661929463777e+01
1.225786677517993795e+01
1.226358335767405627e+01
1.226534903881688265e+01
1.226704560505670472e+01
1.226916717468044915e+01
1.227126263433908271e+01
1.227836659685905829e+01
1.227888859290674795e+01
1.228119041386682753e+01
1.228268719746716009e+01
1.228310158424030973e+01
1.228319980626322305e+01
1.229098795184271609e+01
1.229196315467153866e+01
1.229199104584141011e+01
1.229839880187705781e+01
1.229968873797842299e+01
1.230818711250807063e+01
1.231070978222676437e+01
1.231477813320736736e+01
1.232064432949762889e+01
1.232638078728477460e+01
1.233001377250470121e+01
1.233437580968052139e+01
1.233954213457554694e+01
1.234578314322934389e+01
1.234735308362824036e+01
1.234832100149342970e+01
1.234947376475937908e+01
1.234977966195164178e+01
1.235946366280546371e+01
1.235984180327545801e+01
1.236409734873621069e+01
1.236815233830231087e+01
1.236853779027678435e+01
1.237116395042164818e+01
1.237427196951658459e+01
1.237455481172653293e+01
1.237909512149895086e+01
1.238047044992523738e+01
1.238119435804213886e+01
1.238670714371328962e+01
1.238712263672155345e+01
1.238779331582257548e+01
1.241894548657524489e+01
1.241908004685883071e+01
1.242308203847761128e+01
1.242512309284622418e+01
1.242633198792150750e+01
1.243397527281354620e+01
1.243444600928191512e+01
1.243453357977747231e+01
1.243577155654218203e+01
1.243816482626466957e+01
1.244026469999331397e+01
1.244892022388675912e+01
1.245058178964472617e+01
1.245418610921773706e+01
1.245891238583464933e+01
1.246066890799445659e+01
1.246820481758792276e+01
1.247565331648799614e+01
1.247663726359752268e+01
1.248650098079741433e+01
1.248847890520186077e+01
1.248889953046295886e+01
1.249098179511030970e+01
1.249385328634013703e+01
1.249523567042638028e+01
1.249557423043024151e+01
1.250177895345225743e+01
1.250456611832786358e+01
1.250526951789161068e+01
1.250558721363677961e+01
1.250579163429573271e+01
1.250686415431562359e+01
1.250765834867220860e+01
1.250784858635557839e+01
1.251181929284614469e+01
1.251549789449204830e+01
1.252078058900840851e+01
1.252673874813555166e+01
1.252713685819014522e+01
1.252778664600352521e+01
1.253441122439887678e+01
1.253887182089266084e+01
1.254039112755075713e+01
1.254067685732973736e+01
1.254176198455369473e+01
1.254643477199361179e+01
1.254757722714261803e+01
1.255026246782309407e+01
1.255614812096771438e+01
1.256030834603880386e+01
1.256532456090576133e+01
1.257494031618889352e+01
1.257777617720447516e+01
1.257967403105640436e+01
1.258357103519237441e+01
1.258627347843806277e+01
1.258677801165211640e+01
1.260072015194963946e+01
1.260270416992868903e+01
1.260679238748199182e+01
1.260947140211601258e+01
1.261281336334618786e+01
1.261764657188206940e+01
1.261870974972376835e+01
1.261960298365266731e+01
1.262173269283135646e+01
1.262326482601961608e+01
1.262345004681908556e+01
1.263068449939962612e+01
1.263275596828546909e+01
1.263405318534096189e+01
1.263435096220222142e+01
1.263569332260222389e+01
1.263809003952754217e+01
1.263878406502031027e+01
1.263934506341125541e+01
1.264236045955241750e+01
1.264341502674931306e+01
1.264460321635666951e+01
1.265216723461021253e+01
1.265286444823185086e+01
1.266073823837577095e+01
1.267194560804764336e+01
1.267410898549942821e+01
1.267849882433062270e+01
1.267885184427212941e+01
1.268126741238548050e+01
1.269400576654228274e+01
1.269464542406529262e+01
1.270881386383817890e+01
1.270992127588738008e+01
1.271119130558684773e+01
1.271435460719886024e+01
1.273760677342092684e+01
1.274076281487147533e+01
1.274305350052384078e+01
1.274391722207045241e+01
1.274474784547040862e+01
1.274564713460730481e+01
1.274935041200473762e+01
1.275645268337493299e+01
1.276528649110475655e+01
1.276985498666180696e+01
1.277502223109802948e+01
1.277687150188624621e+01
1.277840416251755684e+01
1.277857781768518031e+01
1.278312618952724122e+01
1.278507430738658357e+01
1.279103933630607948e+01
1.279860387660599841e+01
1.281779107754043956e+01
1.281893778905192249e+01
1.282190686328604556e+01
1.282483862258829355e+01
1.282830555004856876e+01
1.283105492994424779e+01
1.283452220196654459e+01
1.283468267021342868e+01
1.284379627045546535e+01
1.284503459114077550e+01
1.285860115606152476e+01
1.285869085134238787e+01
1.285906143188464235e+01
1.285977231073545823e+01
1.286045707674740868e+01
1.286405853830552282e+01
1.287016314174115728e+01
1.288339751681670897e+01
1.290664052661560568e+01
1.290856435456361950e+01
1.290955224313428396e+01
1.290997740032819330e+01
1.291652458273591542e+01
1.291741357880119345e+01
1.293489985441732415e+01
1.294130751904134513e+01
1.294197101165315189e+01
1.294507182414240098e+01
1.294817113358576677e+01
1.295131527479195377e+01
1.295903849725689660e+01
1.296294065869404299e+01
1.298092658777193265e+01
1.298626437195966155e+01
1.298696545232326116e+01
1.299369477509841886e+01
1.299476509671419855e+01
1.299727438042053329e+01
1.299906364139592618e+01
1.300391411296070743e+01
1.300514431859755327e+01
1.300709135604918565e+01
1.300862777631204636e+01
1.300975016360983361e+01
1.301170398287078989e+01
1.301491235089133980e+01
1.301602978701207824e+01
1.302037184414417581e+01
1.302190586621393109e+01
1.302305021342221814e+01
1.302341787364987979e+01
1.302657455935289121e+01
1.302801251392616955e+01
1.302917821546440180e+01
1.303637355706377043e+01
1.303799684195325881e+01
1.303846786190105966e+01
1.305827209692485269e+01
1.305982731119710927e+01
1.306987358160089485e+01
1.307510467224284945e+01
1.308166192721257559e+01
1.308354690614815574e+01
1.308426141154058975e+01
1.308778993760946818e+01
1.308820266844491620e+01
1.309338186705985763e+01
1.309433334345578004e+01
1.309477995272576401e+01
1.309753315683573049e+01
1.309769491601268498e+01
1.310127140235411325e+01
1.310667408820193636e+01
1.310732913235428576e+01
1.311339349041148949e+01
1.311354807760429253e+01
1.311690515020337600e+01
1.312133663651718329e+01
1.312422354813252667e+01
1.312455454760540974e+01
1.312806182977854874e+01
1.312957466487697999e+01
1.313246567248382313e+01
1.313385390169967515e+01
1.313497056682506958e+01
1.313592625615382659e+01
1.313858098814134578e+01
1.315038807454393144e+01
1.315227468667774602e+01
1.315915643367101140e+01
1.316428351487762960e+01
1.316641552490570888e+01
1.316843485594596075e+01
1.317092880564903723e+01
1.317325269421465705e+01
1.317864584014283302e+01
1.318581818330713418e+01
1.318636191326978135e+01
1.318779504666540525e+01
1.319804238812756658e+01
1.320124555123496002e+01
1.320345021335324986e+01
1.320734761722345318e+01
1.321522254132768026e+01
1.321594234114058786e+01
1.321752185241648903e+01
1.322680293700317655e+01
1.322833645663682667e+01
1.324531964673151840e+01
1.324724844923347788e+01
1.325283690342320142e+01
1.325377308229045248e+01
1.326172536246290434e+01
1.326635708589773266e+01
1.326783524039823625e+01
1.327220087903306833e+01
1.327299071501346184e+01
1.327309708124610665e+01
1.327384986981669002e+01
1.328301517713610025e+01
1.328355587943674188e+01
1.328672481411758355e+01
1.328874616815441456e+01
1.329024357944557444e+01
1.329056860596827505e+01
1.330252816498511770e+01
1.330314147165599614e+01
1.330391640604779191e+01
1.331485910773328030e+01
1.331995308216603036e+01
1.332809617302778271e+01
1.332816983247057330e+01
1.332997654899077489e+01
1.333487574845811885e+01
1.333554177159152410e+01
1.334046995803765867e+01
1.334422095489417082e+01
1.334562361353482274e+01
1.334897146013130076e+01
1.336481892260894178e+01
1.336647662096598843e+01
1.336821958933443533e+01
1.336851660610555648e+01
1.336988462645116549e+01
1.337210432358634549e+01
1.337260516518362508e+01
1.337419474993739676e+01
1.337643149748020477e+01
1.337754632900565710e+01
1.338241672370212321e+01
1.338695758692922944e+01
1.338998472933049300e+01
1.339111000264670892e+01
1.339620034372474500e+01
1.339639098708848763e+01
1.339696903650979287e+01
1.340445994861331691e+01
1.341055133967899771e+01
1.342341500019570510e+01
1.342448357580073903e+01
1.342667250620001873e+01
1.343952097840104720e+01
1.344367249586303537e+01
1.344601132876796790e+01
1.344686349596077335e+01
1.344974338970594374e+01
1.345629736521783570e+01
1.346574348037461100e+01
1.346654837507238511e+01
1.347338730901546633e+01
1.347390038099909937e+01
1.348019032481868962e+01
1.348282275291439980e+01
1.348705639354205665e+01
1.348882013671752844e+01
1.348981740250624206e+01
1.349149257515953337e+01
1.349169668865695826e+01
1.349955302161109039e+01
1.350158534755102302e+01
1.350758187354925077e+01
1.351491132138274587e+01
1.351561861375111739e+01
1.351619305630783252e+01
1.352210898481999735e+01
1.352473710331852175e+01
1.352613359796225190e+01
1.353175576551226555e+01
1.353424455145132654e+01
1.353505636055997741e+01
1.353567220690995754e+01
1.353928200185118769e+01
1.354407036328113811e+01
1.355565712268083267e+01
1.355920248326874855e+01
1.356407995002040501e+01
1.356490949230488319e+01
1.356597185333380473e+01
1.357023911873010924e+01
1.357086520271293040e+01
1.357195214462009858e+01
1.357253252942680710e+01
1.357302202041535288e+01
1.357451243819196129e+01
1.359572857120335065e+01
1.360787941829322634e+01
1.362105133046910588e+01
1.362594157721032140e+01
1.363588447245638058e+01
1.363827698542922207e+01
1.364155039310848494e+01
1.364222096045036992e+01
1.364647188001104183e+01
1.364979598297414221e+01
1.365027493387941782e+01
1.366631436513004338e+01
1.367411663931246757e+01
1.368798229484251472e+01
1.370645922740750677e+01
1.371166157868759505e+01
1.371579955626983072e+01
1.371882624682801044e+01
1.372328367874226274e+01
1.372703774231550256e+01
1.372929163563390276e+01
1.373158112260961872e+01
1.373214627649109509e+01
1.373315613630776966e+01
1.374653188849373464e+01
1.375218817532695326e+01
1.377000270028884010e+01
1.377104373252860903e+01
1.377245786046921339e+01
1.377414601968890473e+01
1.377459813362001206e+01
1.377544135273009296e+01
1.377582082191277735e+01
1.377607284530200360e+01
1.378035459492133086e+01
1.379557028979398048e+01
1.381133691358611593e+01
1.381583877131159177e+01
1.382395322437731977e+01
1.382803214159436678e+01
1.383215018541735652e+01
1.383263100478645313e+01
1.384372179526574698e+01
1.385142102807746944e+01
1.385971971598930708e+01
1.386840474826271929e+01
1.386856547425454522e+01
1.387403544775373554e+01
1.387430791224544890e+01
1.387511769490832769e+01
1.387748869223095305e+01
1.389072456814740875e+01
1.389780536425990221e+01
1.391281233693676711e+01
1.391470180432236958e+01
1.392552754155421901e+01
1.392586386568526180e+01
1.393248554862600308e+01
1.397467805356475701e+01
1.398180602055381705e+01
1.398204849470354638e+01
1.398384789517687032e+01
1.399246679582020825e+01
1.399249610350538475e+01
1.399794615600112735e+01
1.400393443916157565e+01
1.400403585300989739e+01
1.400573394857911680e+01
1.400752826103929571e+01
1.401443973353271311e+01
1.402349275244305993e+01
1.403734274510499880e+01
1.404214107445006121e+01
1.405934865851486570e+01
1.406035435515533294e+01
1.406354424439660100e+01
1.407701642702071609e+01
1.407735831955084826e+01
1.407763460309096537e+01
1.409243368537297947e+01
1.409872112954270307e+01
1.410068949175845532e+01
1.412233449976256416e+01
1.413017187445849387e+01
1.413104040529766792e+01
1.413494548131287587e+01
1.414858046560242677e+01
1.415185631568843583e+01
1.416096170333540627e+01
1.416858934171600382e+01
1.417891171530956562e+01
1.418112656622221124e+01
1.418121666542179149e+01
1.419312805048880399e+01
1.421849623206788138e+01
1.422559699122620103e+01
1.423826321433659103e+01
1.424607471567285266e+01
1.426777743335981974e+01
1.427014792764535045e+01
1.428585604287359168e+01
1.430424564054899150e+01
1.431847335535764820e+01
1.432196636052261240e+01
1.433393768761861686e+01
1.434442833786216198e+01
1.435639071541947409e+01
1.436929851087278287e+01
1.437909554411815449e+01
1.438905790891616476e+01
1.439014853841578301e+01
1.439018923323124355e+01
1.442728047628551913e+01
1.443183068825325677e+01
1.443517164027862343e+01
1.443688979727311583e+01
