6.402449089012523409e+00
6.410115765454778014e+00
6.436247776240687557e+00
6.440915887677677532e+00
6.454921418326000193e+00
6.459003904004873675e+00
6.484548806892700412e+00
6.502581518043976772e+00
6.507701028617119299e+00
6.526528227232111234e+00
6.543510511350139502e+00
6.547174669086780696e+00
6.559195087755840703e+00
6.560075691963086264e+00
6.576713782307075817e+00
6.613104548740091460e+00
6.624476683273899269e+00
6.624868587612768422e+00
6.628980783730930249e+00
6.640588621861687635e+00
6.652041992835878048e+00
6.662755743505345052e+00
6.664695219753872912e+00
6.683244219475263037e+00
6.686038213462784263e+00
6.734976663948705422e+00
6.747796170051609366e+00
6.757036123106051839e+00
6.779656029102151038e+00
6.780613003903179781e+00
6.786991563368149016e+00
6.788266838184102703e+00
6.812491470299878671e+00
6.813430010474721854e+00
6.819622381850223292e+00
6.833360813703332148e+00
6.889134384766488317e+00
6.903677582942500557e+00
6.903770043041483895e+00
6.904626654774040695e+00
6.919429814583423877e+00
6.922676370314843730e+00
6.928422684752627347e+00
6.930855158411651118e+00
6.930873962966815682e+00
6.936598406147613360e+00
6.938777513656201990e+00
6.941248229614258136e+00
6.959362680040872107e+00
6.971694803897667825e+00
6.977652514422618246e+00
6.995907588175318104e+00
7.000321989799616063e+00
7.004373341934901909e+00
7.026646882793092352e+00
7.039965969052312644e+00
7.044275606682004032e+00
7.049662921225597678e+00
7.067999874377842495e+00
7.070948410148577779e+00
7.081857433168369020e+00
7.103517699827706977e+00
7.128633826742462709e+00
7.178529564035805777e+00
7.184859363395774245e+00
7.186722042962986556e+00
7.199449145712526921e+00
7.200024685427291793e+00
7.203164526507410237e+00
7.205515394832477050e+00
7.209242031056858124e+00
7.212995128566121572e+00
7.239150116113835409e+00
7.284793815057402533e+00
7.291577002199630897e+00
7.301305025336107590e+00
7.325938350945277122e+00
7.376577483279207037e+00
7.377407858126817430e+00
7.377501508062412228e+00
7.380871147801222776e+00
7.398746998432511823e+00
7.401580599514562486e+00
7.417771855991182051e+00
7.441151327114971181e+00
7.446706950312521833e+00
7.467222497324762287e+00
7.483369667818738691e+00
7.539408106042443158e+00
7.544642904384451398e+00
7.545434372548524671e+00
7.550940741421105606e+00
7.553124538563402268e+00
7.570930612782809099e+00
7.577148762563947315e+00
7.584404059323635927e+00
7.602798619442724615e+00
7.603029453494625223e+00
7.610205032034536465e+00
7.621037590271077633e+00
7.634462523250908461e+00
7.643268819820140614e+00
7.646417801099220313e+00
7.665686274364210462e+00
7.673035160715647507e+00
7.673148686390152129e+00
7.690005158252451345e+00
7.690064274007332834e+00
7.745148658888922455e+00
7.764213747825486678e+00
7.765532945643323970e+00
7.776668838543984386e+00
7.779818548682336576e+00
7.790556102300173258e+00
7.833030831185143761e+00
7.849910423881912180e+00
7.860708496990057803e+00
7.894232908150949690e+00
7.901023680237274860e+00
7.909298051260841511e+00
7.909928896186893432e+00
7.916303640548492560e+00
7.928749212800365598e+00
7.943663644499434184e+00
7.948688844176380996e+00
7.987217452178143162e+00
8.018638657787901636e+00
8.048903746397405357e+00
8.066498174421315781e+00
8.067291411370460352e+00
8.069361124009420294e+00
8.091574917620073748e+00
8.095078226919211417e+00
8.096293625350647005e+00
8.110937340009396479e+00
8.125583645318396719e+00
8.136834122176626494e+00
8.144370925182789378e+00
8.150841294965267991e+00
8.154107531363855799e+00
8.169470572668315000e+00
8.212153405735378442e+00
8.214688670734494380e+00
8.257615078732747804e+00
8.270657609057215254e+00
8.270937279893811223e+00
8.298595276181735869e+00
8.303937224009976248e+00
8.398616553925592143e+00
8.403320679676664184e+00
8.404137392968284104e+00
8.413768171381549976e+00
8.419962320135120137e+00
8.424178955757492204e+00
8.427248602984946046e+00
8.455675984651279009e+00
8.476993160176206743e+00
8.485508400928582162e+00
8.490151333085242058e+00
8.516448200792453349e+00
8.516515786636812635e+00
8.525197352891090929e+00
8.528497730388794551e+00
8.533229192360371584e+00
8.544678496514173105e+00
8.552167837761167846e+00
8.572689793428372340e+00
8.584432673944059289e+00
8.596154541796829918e+00
8.597962801596830573e+00
8.601392254546135874e+00
8.618967878007046224e+00
8.624735920919329502e+00
8.625750966329517766e+00
8.672219076082130940e+00
8.709968169772549729e+00
8.728455009877304605e+00
8.729558023046335435e+00
8.729747960368337445e+00
8.736579229296209448e+00
8.793280296777671978e+00
8.795132101201799557e+00
8.825117292689922621e+00
8.828428021222999078e+00
8.844516293076218005e+00
8.853335491435244009e+00
8.858977349326524475e+00
8.871743898477738810e+00
8.874977513615487368e+00
8.875626775800110835e+00
8.881155077101761108e+00
8.901895485156826382e+00
8.902211699771742204e+00
8.903469625671396770e+00
8.907174693532450505e+00
8.971674957203582323e+00
9.002951749007218396e+00
9.023983715290194496e+00
9.026149323193131124e+00
9.046237599756885572e+00
9.053404171592331906e+00
9.059538299772111003e+00
9.073840218320624373e+00
9.094750354284975913e+00
9.106976751692567262e+00
9.115398939591587535e+00
9.117616003692980087e+00
9.120447690647235817e+00
9.121201008222421081e+00
9.128712550799258807e+00
9.164176361951817285e+00
9.196431412820254891e+00
9.204819235068397276e+00
9.205873105621986241e+00
9.210565529855626821e+00
9.218391385563357687e+00
9.225042130217198988e+00
9.231104352031955784e+00
9.249507539831027358e+00
9.258593341547266320e+00
9.266983702718448512e+00
9.282177119654965836e+00
9.287126686342221049e+00
9.299268089569283191e+00
9.304904766208137445e+00
9.307860431093033071e+00
9.313568608067171795e+00
9.324815164424915537e+00
9.338758637394391826e+00
9.360485134424896714e+00
9.363698565486741288e+00
9.369302397232235791e+00
9.377994419724531738e+00
9.383629386652835080e+00
9.385991715083687126e+00
9.389945048985930853e+00
9.415207324277437451e+00
9.437956403753444690e+00
9.446118203489453080e+00
9.450566360911853536e+00
9.457875125583480980e+00
9.476702598712329007e+00
9.489033815681629846e+00
9.494905011014569851e+00
9.502178052984833201e+00
9.527778988199576915e+00
9.561571363480936725e+00
9.563822825626282054e+00
9.575021912796286117e+00
9.580361921686094462e+00
9.605534850863568508e+00
9.605577435518075191e+00
9.607010479319628260e+00
9.609475777213580372e+00
9.610514929054266631e+00
9.618649977798067852e+00
9.625469858029237713e+00
9.626688233448653875e+00
9.632046193262974398e+00
9.673329777737571078e+00
9.689472055007524176e+00
9.701091188636112861e+00
9.701716001960726032e+00
9.701746609878544092e+00
9.702774744093385806e+00
9.704906855502027696e+00
9.729291805052923792e+00
9.730674170327354489e+00
9.731718685918439249e+00
9.733126191777166980e+00
9.748045175044291355e+00
9.749116056458372981e+00
9.751366155890050180e+00
9.755782047332765217e+00
9.759922823261065972e+00
9.762840272951121889e+00
9.773928641238313730e+00
9.778995055533531655e+00
9.787864159283701682e+00
9.798492646253889049e+00
9.823541407836286155e+00
9.829077655177654194e+00
9.833803825462320347e+00
9.846864977238587002e+00
9.851403213233643541e+00
9.854704038577303038e+00
9.863511638799241865e+00
9.880603558800158837e+00
9.891352700632813466e+00
9.902910076423619756e+00
9.925628490241535928e+00
9.945116810078513225e+00
9.948905571563434691e+00
9.960801655086486406e+00
1.000440546100440464e+01
1.001914764825786541e+01
1.002077945507322632e+01
1.002874273138244732e+01
1.006876151636235051e+01
1.008081012874150417e+01
1.008624244654657609e+01
1.009331002893522289e+01
1.009383698465778245e+01
1.009674291607634977e+01
1.013168262332555436e+01
1.019390281954772526e+01
1.019949343855901169e+01
1.020554331865235653e+01
1.020652682793729049e+01
1.020773542203382966e+01
1.021425929289767254e+01
1.021434394630228226e+01
1.021977470781180664e+01
1.021984193136996844e+01
1.022053729204583661e+01
1.025078244588517151e+01
1.025221289872534491e+01
1.026466091837798444e+01
1.027074253701549367e+01
1.028141920733317782e+01
1.029833344065448664e+01
1.031007436372089003e+01
1.032623099396596444e+01
1.034298945457280361e+01
1.034752466713483976e+01
1.035652490633644440e+01
1.035894443936511600e+01
1.036017730110090440e+01
1.036418729587692056e+01
1.041229203563244710e+01
1.041256298426390714e+01
1.043370665716318157e+01
1.044210991273049238e+01
1.045589531510628056e+01
1.045710351127217130e+01
1.047827080557304669e+01
1.048091480392564279e+01
1.048512777218038217e+01
1.049315190124857899e+01
1.049406105021238389e+01
1.050161558944114759e+01
1.050187210672011950e+01
1.051147508131663422e+01
1.051792919696201700e+01
1.052064057408756348e+01
1.052823707399313413e+01
1.054059403389651983e+01
1.055707103200608010e+01
1.056921594306095713e+01
1.058873195263415035e+01
1.059347865058405169e+01
1.059658588408341018e+01
1.059862365798865724e+01
1.062491821528959335e+01
1.062685357226669858e+01
1.063173203921502541e+01
1.063250121259068770e+01
1.064307158029472333e+01
1.064379650823153156e+01
1.065189676993031043e+01
1.065621085646875521e+01
1.066168707419041084e+01
1.067568140047862180e+01
1.068455675030019236e+01
1.069053122255729349e+01
1.070228417887172867e+01
1.070325619888745194e+01
1.071750246467085610e+01
1.071771193126413024e+01
1.071932753336209210e+01
1.075777908469758870e+01
1.078321835452506505e+01
1.079408753728096748e+01
1.079872520915639456e+01
1.081838126702642100e+01
1.082235396467730304e+01
1.084863816033768558e+01
1.086290177562693060e+01
1.088858445973325928e+01
1.088961185765359829e+01
1.089992648604404302e+01
1.090464487180340036e+01
1.090924892052382589e+01
1.096508066845048113e+01
1.097527026881556367e+01
1.097938272921077818e+01
1.101618199836854295e+01
1.102887251403837077e+01
1.103879822032341984e+01
1.104068275797486187e+01
1.105030269829401135e+01
1.106063436454803117e+01
1.106102692772086371e+01
1.107119211659999536e+01
1.108007583131314533e+01
1.108701226001126017e+01
1.109187612696634417e+01
1.110745022222482170e+01
1.111777283765756508e+01
1.113254254000437982e+01
1.114148414921305985e+01
1.114892519871828824e+01
1.115125606921605161e+01
1.118565152293425768e+01
1.119247557325712350e+01
1.119710366271997515e+01
1.119884365881695665e+01
1.120588997730512304e+01
1.121108359366384022e+01
1.122410814989606109e+01
1.124072642862029880e+01
1.124709506617460875e+01
1.125480687403939761e+01
1.126545863136440850e+01
1.128027875540533742e+01
1.129349918228423633e+01
1.129423933624595477e+01
1.131442645321106788e+01
1.132180466239575090e+01
1.132409437491938498e+01
1.132755371424227420e+01
1.133008288261984475e+01
1.133078671656128122e+01
1.134119072136788198e+01
1.134212499381291472e+01
1.134572151270465135e+01
1.134899032686210951e+01
1.135106802289808670e+01
1.136205548348252670e+01
1.140883527143419585e+01
1.141721221418669963e+01
1.142499621720481962e+01
1.142954965803888889e+01
1.143137518983944645e+01
1.145060138654986126e+01
1.145360027779030077e+01
1.145395259478290484e+01
1.147928372403166541e+01
1.149570116605736736e+01
1.149752260975850504e+01
1.150258558892050686e+01
1.152097989690854263e+01
1.152726438013892718e+01
1.154628052327777432e+01
1.156770466490378446e+01
1.157433452372992555e+01
1.157527251751759145e+01
1.159171876863234196e+01
1.159577080045903230e+01
1.160005991643974355e+01
1.166342740968549485e+01
1.168073073361235181e+01
1.169232455986731267e+01
1.170588513293847654e+01
1.170874471257799954e+01
1.172329313212075164e+01
1.173590280475698933e+01
1.176952949852153907e+01
1.177196368033571439e+01
1.177956108266947410e+01
1.180854268237723126e+01
1.182953885060707400e+01
1.182987190972696645e+01
1.183193262027702630e+01
1.183783268819689383e+01
1.185875610003001057e+01
1.186389815026593908e+01
1.194263410959455562e+01
1.194528961618410001e+01
1.197216897793068391e+01
1.197465311557741430e+01
1.199896745452194224e+01
1.200984096480586949e+01
1.206417691329347974e+01
1.206497672126429954e+01
1.208543631028914866e+01
1.215031122104492312e+01
1.215032332235870705e+01
1.215566069892874879e+01
1.218453786127284744e+01
1.223671605826219277e+01
1.224464021104529898e+01
1.228372763762896902e+01
1.230022636325270291e+01
1.231282412019340100e+01
1.232696467007245467e+01
1.237384578317233164e+01
1.240090145334214888e+01
1.240917653507488438e+01
1.241568386074450103e+01
1.243765622020015016e+01
1.244448578662706595e+01
1.245166046281028827e+01
1.246171910477362843e+01
1.248515256521315742e+01
1.249715577612391826e+01
1.255963889485799001e+01
