3.337689573058585157e+00
3.343121783561566307e+00
3.361107356706003024e+00
3.434207970626834250e+00
3.453785660980942307e+00
3.481374233905895732e+00
3.510653914314703972e+00
3.522437067010514511e+00
3.531487081753114321e+00
3.532740697074417291e+00
3.553775938255160138e+00
3.560539422014935340e+00
3.566933233928013536e+00
3.568614272647261387e+00
3.572272369870657105e+00
3.587939718532803024e+00
3.589128875717065181e+00
3.591712879104533407e+00
3.596586725100368476e+00
3.607258507863248198e+00
3.612587728317802505e+00
3.635425437242609803e+00
3.660990354695888183e+00
3.665305592715847105e+00
3.666449282494549156e+00
3.668205334113817884e+00
3.669085553345225570e+00
3.680096285614307128e+00
3.681710512870651986e+00
3.692235838823672900e+00
3.697510746772247447e+00
3.727454242541905494e+00
3.744005986562527255e+00
3.759573233792862013e+00
3.761672284006102096e+00
3.761767959063623934e+00
3.771928535240441693e+00
3.780754079154840408e+00
3.800925673335047161e+00
3.809540863963862822e+00
3.812286290123658272e+00
3.824816839696075110e+00
3.830682286811342596e+00
3.832114051363153528e+00
3.850421203824211602e+00
3.860524538211808299e+00
3.865983413370187805e+00
3.878313541853582791e+00
3.887048230137270188e+00
3.890652788015428243e+00
3.891124021260106591e+00
3.897582273386736240e+00
3.901944568882337538e+00
3.916306940258325486e+00
3.945545247959674207e+00
3.957230653953070387e+00
3.960471264661137525e+00
3.960968019138160656e+00
3.970645345702961126e+00
3.975566598627227499e+00
3.978554295691072884e+00
3.997853252773292621e+00
4.002261753065040395e+00
4.002353427678948528e+00
4.010840849956593956e+00
4.021700095729487501e+00
4.033183837033095465e+00
4.052352534465659240e+00
4.053466677080018066e+00
4.066933227046589217e+00
4.074849013813121701e+00
4.090570402304141595e+00
4.106892997135497048e+00
4.130872430252069627e+00
4.136287830388926778e+00
4.140997990175235621e+00
4.147693230145121035e+00
4.159655255994910483e+00
4.160129430752995461e+00
4.170780620532805294e+00
4.183364583327009889e+00
4.184691887985530379e+00
4.185993120929135891e+00
4.229209703788820995e+00
4.244198887983506197e+00
4.249284107698763080e+00
4.250844213269384220e+00
4.266859900557053109e+00
4.272546460081299458e+00
4.274371421515220426e+00
4.290193772769381297e+00
4.305994785526645607e+00
4.313469041098232815e+00
4.322718060463423662e+00
4.333704479321525582e+00
4.342631241212132842e+00
4.357627214190291198e+00
4.375349685674315481e+00
4.376542531469779007e+00
4.379489137900675289e+00
4.403310391326692219e+00
4.411284254456949938e+00
4.419642278526965562e+00
4.449265042995535602e+00
4.465248675355806718e+00
4.465319348605695460e+00
4.482496167370321416e+00
4.495771922325739745e+00
4.496510811124981188e+00
4.497525897744667489e+00
4.505248325266120624e+00
4.508001265842925598e+00
4.508237507127662802e+00
4.519655009767324927e+00
4.520422905791575019e+00
4.521554368561436554e+00
4.530278714612830271e+00
4.552671441130809349e+00
4.558923013029133386e+00
4.565677940792648215e+00
4.592833661747590668e+00
4.602690124508816538e+00
4.608933510942522460e+00
4.610994767409409612e+00
4.632875846169602241e+00
4.634930198303948146e+00
4.648035685963836983e+00
4.652961195208304979e+00
4.658267182052150623e+00
4.671814084330183192e+00
4.690118235679892500e+00
4.691122705233594203e+00
4.695240802172336636e+00
4.704779113323220407e+00
4.705313045653743309e+00
4.707363329881851577e+00
4.709370399037444699e+00
4.713816353997881237e+00
4.721736249460912305e+00
4.726074185126734939e+00
4.730477860728926842e+00
4.740893577321374508e+00
4.741923359763191570e+00
4.744923404470501538e+00
4.750503172767476023e+00
4.762089299661925956e+00
4.783780830397645900e+00
4.784173849029333958e+00
4.791209636155191021e+00
4.816901114766157121e+00
4.841561763710259036e+00
4.844455804863160076e+00
4.849409118405716868e+00
4.850076673436444885e+00
4.866286793028693047e+00
4.902801687512805984e+00
4.903877702788181914e+00
4.906014652268261500e+00
4.926451865043143918e+00
4.930372212435453427e+00
4.953431423724262928e+00
4.975038302410276003e+00
4.984418003889779847e+00
5.000820339361979450e+00
5.001049806783498752e+00
5.003552947366686432e+00
5.013667141829504459e+00
5.014073328201637203e+00
5.026958683824918950e+00
5.049160109840120647e+00
5.053140928654450192e+00
5.078695881846686966e+00
5.084659887091273589e+00
5.090425425658865244e+00
5.091624954673656944e+00
5.094203329662187585e+00
5.103783663769634771e+00
5.126098099449073686e+00
5.136172013372748424e+00
5.136172922907273453e+00
5.141565312064186877e+00
5.159959519764526270e+00
5.191447981120452582e+00
5.198314116963017817e+00
5.209397817468807368e+00
5.227722328806262198e+00
5.243778673982948391e+00
5.258483235845631931e+00
5.263820984413779769e+00
5.277289887094601895e+00
5.288017233338481837e+00
5.290402490893499454e+00
5.294777805697164830e+00
5.346396669216229469e+00
5.359753988301918959e+00
5.376728181789222738e+00
5.383852291074830099e+00
5.409286606581322765e+00
5.414004339871404170e+00
5.414655677366697617e+00
5.416480869344543869e+00
5.423441290851700458e+00
5.435335791681171536e+00
5.436293618668003091e+00
5.438810090415154619e+00
5.445423133243665781e+00
5.463512120960780649e+00
5.482298474962212786e+00
5.501351993645120508e+00
5.503000840037475250e+00
5.509017744668248007e+00
5.516992362783633475e+00
5.521328619331326237e+00
5.529862704493922365e+00
5.538483376985130491e+00
5.541905285538596182e+00
5.544202003043030125e+00
5.565428986129877131e+00
5.581873642496522514e+00
5.589147255681401028e+00
5.597183608107082264e+00
5.618153667027232956e+00
5.619448048682819774e+00
5.623143836675956742e+00
5.631727204332910297e+00
5.644054549497523610e+00
5.666293338419938763e+00
5.668604318944471032e+00
5.681384917283812008e+00
5.682213742468274376e+00
5.686210491154771063e+00
5.695316919244996612e+00
5.703283382960998793e+00
5.715119399949945667e+00
5.721961775254028382e+00
5.724246210609176266e+00
5.726369173611065122e+00
5.739073912510296083e+00
5.752583269574415681e+00
5.758630515613508472e+00
5.786729597308545081e+00
5.812897555591984400e+00
5.815377200270006597e+00
5.817328877370437468e+00
5.842211404827361676e+00
5.854515969455185598e+00
5.874026755177157000e+00
5.884013449693942910e+00
5.910309087547648943e+00
5.944912634955008102e+00
5.958019997954257185e+00
5.973747226729924087e+00
5.980028629785383743e+00
5.986094296883581301e+00
6.007047436018832620e+00
6.010191242664538080e+00
6.016983459488093544e+00
6.022553650147814963e+00
6.036222131872164276e+00
6.057033315980881127e+00
6.066700595611451696e+00
6.066983537741596599e+00
6.096446955664557521e+00
6.129035947920264960e+00
6.139423188217522309e+00
6.149188216789357675e+00
6.152445262988775809e+00
6.163822347017449133e+00
6.171344325595899960e+00
6.180073218779465805e+00
6.181461988098436500e+00
6.187018866073239920e+00
6.187178606725403540e+00
6.187734118975618536e+00
6.190530684420892271e+00
6.192323177619033281e+00
6.193736475877509307e+00
6.195588132276146354e+00
6.216906625841177814e+00
6.220812040205405680e+00
6.222840563555888771e+00
6.224011739757514761e+00
6.241349887498008897e+00
6.256571150614647969e+00
6.259243986677528682e+00
6.288732938951159035e+00
6.298452344958128890e+00
6.304938715399462268e+00
6.309139368302182582e+00
6.309353568677455115e+00
6.314901670715352466e+00
6.317726227607249889e+00
6.325794024550376982e+00
6.332754205377878698e+00
6.337762626340415650e+00
6.338352836411862867e+00
6.343895065687924273e+00
6.356758297759922627e+00
6.367275337034017824e+00
6.379343441313009677e+00
6.387410643863949744e+00
6.412009400505340295e+00
6.432212568320039736e+00
6.477946977427521347e+00
6.485535220225388642e+00
6.491410163740128247e+00
6.491532077094444020e+00
6.495139389409917641e+00
6.511898315062737197e+00
6.519714642461825527e+00
6.555360930860752333e+00
6.577016951286628554e+00
6.580164562330924838e+00
6.581472648341543774e+00
6.588586590326010572e+00
6.608325739880330119e+00
6.616481247144172961e+00
6.618612814961883473e+00
6.621169066663418867e+00
6.628890022146761041e+00
6.640389031859354141e+00
6.641148962363675246e+00
6.645185006943400197e+00
6.647137535625819105e+00
6.675361186254168189e+00
6.691837060267406656e+00
6.723966167378200076e+00
6.757200700325007858e+00
6.759612035209848102e+00
6.770965411741337370e+00
6.778347309791137754e+00
6.786614743065610078e+00
6.789461153282626782e+00
6.795901878972604671e+00
6.804921867624805110e+00
6.811749366351396162e+00
6.812180413844271420e+00
6.818231790401346082e+00
6.819918679153285979e+00
6.821776259423350197e+00
6.834211674412480342e+00
6.838404721680698906e+00
6.840655183850284260e+00
6.843674611984314815e+00
6.851972532291957130e+00
6.852081838345732479e+00
6.860245621969200513e+00
6.861343576700929425e+00
6.877302606001342689e+00
6.905385793295091723e+00
6.906752727993670682e+00
6.906966843336269868e+00
6.910056693268318284e+00
6.924553297813402786e+00
6.928320034321791887e+00
6.941275092057992424e+00
6.946616472985154722e+00
6.953448760497417780e+00
6.965452541997639635e+00
6.994420570022113814e+00
6.999990321670198412e+00
7.052725111261820778e+00
7.071637784492433632e+00
7.086578804276594035e+00
7.125902102100102553e+00
7.150816591909131326e+00
7.164403999873976581e+00
7.166662517189714698e+00
7.169816473389857059e+00
7.174097809976689888e+00
7.178040731291201126e+00
7.200088351230978567e+00
7.202747927320878318e+00
7.211801009587823330e+00
7.222359157174940592e+00
7.230807845301241876e+00
7.233372094655576845e+00
7.257368691586685294e+00
7.266841461650374256e+00
7.268887068872653678e+00
7.269454707728608689e+00
7.270277798700525373e+00
7.297529823401102789e+00
7.297690019874991663e+00
7.306170300170744092e+00
7.325477412810430522e+00
7.341230665175560333e+00
7.344316213907732482e+00
7.345753976908416583e+00
7.356106245462863846e+00
7.363154477572142476e+00
7.371323550544982339e+00
7.376140587139339289e+00
7.387294815270344372e+00
7.400877870647478929e+00
7.410331894890174631e+00
7.428878061147866418e+00
7.440206767673039678e+00
7.446915116614362340e+00
7.456191391138333735e+00
7.468953904711431946e+00
7.471042611658536892e+00
7.479603064789845490e+00
7.486027798110626463e+00
7.494069355396788978e+00
7.509307848398124818e+00
7.522015153617280347e+00
7.522995500733813401e+00
7.527690590431285855e+00
7.535591794206082383e+00
7.558904885042526445e+00
7.583853172531409115e+00
7.616250353868354139e+00
7.623452999359666471e+00
7.635885656103936547e+00
7.641499298126087858e+00
7.669460216864196767e+00
7.673438055225183518e+00
7.676947881639637039e+00
7.677817601119465429e+00
7.678670324225267407e+00
7.687710528591779280e+00
7.688280110624338803e+00
7.689347145176339104e+00
7.692817518544962319e+00
7.713520157468834348e+00
7.727605286921424010e+00
7.741973357156983759e+00
7.742624463599926621e+00
7.745101673061067338e+00
7.771863642526549931e+00
7.810377149289241316e+00
7.814916560944768165e+00
7.828806784438452127e+00
7.842723600839204501e+00
7.846497508619606265e+00
7.865731722742825838e+00
7.871281288251772423e+00
7.886260265349759990e+00
7.896947177353966119e+00
7.945134546060608649e+00
7.991502096159196711e+00
8.023127846630323745e+00
8.058523125348402871e+00
8.076659255938404058e+00
8.133458358862748483e+00
8.141806753853968459e+00
8.169002890177312182e+00
8.176548941592152175e+00
8.189694271493614508e+00
8.199354109261184576e+00
8.207948987965885124e+00
8.236850754783311856e+00
8.272769661246893946e+00
8.330513665191260131e+00
8.348354444265190466e+00
8.355224236964380324e+00
8.365537817042564939e+00
8.368685196258814685e+00
8.396537534221051757e+00
8.408440964637586390e+00
8.474663981815742986e+00
8.483450191074824787e+00
8.497160679000463901e+00
8.505415282509524388e+00
8.506769641201689325e+00
8.589283435192019311e+00
8.593240455903687902e+00
8.599676641766963670e+00
8.614665721421806310e+00
8.624026189935070974e+00
8.639706951844891236e+00
8.658429144241136299e+00
8.710693344099762925e+00
8.741834585149945269e+00
8.756614242372286583e+00
8.759153611706702591e+00
8.763622768077459213e+00
8.781872197780590028e+00
8.782095358141921437e+00
8.794847014758076398e+00
8.841508687159983282e+00
8.849923550957360163e+00
8.881328009929749356e+00
8.900541349198485719e+00
8.920135757891678452e+00
8.940389778237474161e+00
8.964628043854075301e+00
8.965900315675714438e+00
8.992221758779368912e+00
9.038978130661678989e+00
9.051575511631021698e+00
9.053283433772973510e+00
9.086656744534391095e+00
9.087546703772693135e+00
