6.324111658889569831e+00
6.331864953278029340e+00
6.336638996658384038e+00
6.370349845711556824e+00
6.372263203576514989e+00
6.377306439391497328e+00
6.379351005625476745e+00
6.385022165531597516e+00
6.409423737714472047e+00
6.409956767644881204e+00
6.428453011358700842e+00
6.450673852260308649e+00
6.452078967682141730e+00
6.461296531945349919e+00
6.466978649516665456e+00
6.469673513901005535e+00
6.486084759031318647e+00
6.491341008801088108e+00
6.491822740794391144e+00
6.498571351446500444e+00
6.500733562664780862e+00
6.501903719390637271e+00
6.504213344341225778e+00
6.505758305760828364e+00
6.517679192532444432e+00
6.537823435955313123e+00
6.541735665155232304e+00
6.561349383567899096e+00
6.562131658294779513e+00
6.570736337935175975e+00
6.576949997867731490e+00
6.580786636359401420e+00
6.583206188308455609e+00
6.584537874417240033e+00
6.586239369261034149e+00
6.597916987268979128e+00
6.599710216636507809e+00
6.602536818496686166e+00
6.609349449818125777e+00
6.610110908295726340e+00
6.612220321575605020e+00
6.619335994339931695e+00
6.623095469543370584e+00
6.625541351411349922e+00
6.635549819597788890e+00
6.637001225241440316e+00
6.637408322599532617e+00
6.638496329082463454e+00
6.639398632690442170e+00
6.641400290854914346e+00
6.645067771547955360e+00
6.654820553252594806e+00
6.673457761178088532e+00
6.682353898816251636e+00
6.683405261779703288e+00
6.688027510682053034e+00
6.688908041483700551e+00
6.701312398512413893e+00
6.701881713191111700e+00
6.703695517771183887e+00
6.725376271052512678e+00
6.725431469352218805e+00
6.729243354099913255e+00
6.731871356712380461e+00
6.733067772730634282e+00
6.733671683598571711e+00
6.735658234625734764e+00
6.742234422696390617e+00
6.743494222548693351e+00
6.746549983808185047e+00
6.752567090687265683e+00
6.755131554765957169e+00
6.755591068117072773e+00
6.755792261588501546e+00
6.757445089484370726e+00
6.758246249743461220e+00
6.763684213498084574e+00
6.765239280586609283e+00
6.770358046436997235e+00
6.770644382317918542e+00
6.782866553883800442e+00
6.791624181619750900e+00
6.792758967439364248e+00
6.796118423203928671e+00
6.815149248392352810e+00
6.816828809070061723e+00
6.817955444562812772e+00
6.818094049441551618e+00
6.822040593008520837e+00
6.822575395948530463e+00
6.824426037492512087e+00
6.827095100102732239e+00
6.832222027210609561e+00
6.833139148726677270e+00
6.833923887144469411e+00
6.837280992720847550e+00
6.839400119827596214e+00
6.839974044546190513e+00
6.841684420650717691e+00
6.844094443083470480e+00
6.846143248893503674e+00
6.847667995614358460e+00
6.848020538646089506e+00
6.852877516884902320e+00
6.857295275568962012e+00
6.859545368810705313e+00
6.865558141401203684e+00
6.866808796705977436e+00
6.871421558155634379e+00
6.871430041611560569e+00
6.875343602921713426e+00
6.878283154213203687e+00
6.879435042441482295e+00
6.884769112139898617e+00
6.885260167826386279e+00
6.887282858086195780e+00
6.893256174444231554e+00
6.899012636696478573e+00
6.900292616767027987e+00
6.908471059273231241e+00
6.912782674150961704e+00
6.912883954258963293e+00
6.914825272081985830e+00
6.915678289690657898e+00
6.920724639912205767e+00
6.924289950023235107e+00
6.928972638238755977e+00
6.934501962077554538e+00
6.935282851058868658e+00
6.946105608089162331e+00
6.949198084526464925e+00
6.951429291965201429e+00
6.951562274561561949e+00
6.954963362946999794e+00
6.956135871457129305e+00
6.956734639729226899e+00
6.958168756113020770e+00
6.962947865444359508e+00
6.963272030926575873e+00
6.968480406309571329e+00
6.970825959425849483e+00
6.971744986346055661e+00
6.975221837618290621e+00
6.978210002782307519e+00
6.981764502895010160e+00
6.981997979342907890e+00
6.982495870996925369e+00
6.983698414375252739e+00
6.985624514604944935e+00
6.994068002502100256e+00
6.995961916896130006e+00
7.000852939673213982e+00
7.002725518357815204e+00
7.016269020611511920e+00
7.016501196676832031e+00
7.016900832436941293e+00
7.022307139606539295e+00
7.023377143021051872e+00
7.023497512629465866e+00
7.025425256891623782e+00
7.026571059118170481e+00
7.027034860561665042e+00
7.031104867398044966e+00
7.032855579336910523e+00
7.033385592632205530e+00
7.036086070533385417e+00
7.036465912168751835e+00
7.038029993652958893e+00
7.040373590482852606e+00
7.043410738139251670e+00
7.047040294990168263e+00
7.047283847545620539e+00
7.049337087525564094e+00
7.054461970940336002e+00
7.063956214314009330e+00
7.066780193047385694e+00
7.068282979411853795e+00
7.074154191937879865e+00
7.078988713465656168e+00
7.083877224737904044e+00
7.086048458649650605e+00
7.088788181565200297e+00
7.098654449632556762e+00
7.098760857760402665e+00
7.099528860125885465e+00
7.107150546205018848e+00
7.110274581982398701e+00
7.118386985567751069e+00
7.119159251316567349e+00
7.127063002524411495e+00
7.127303570616421169e+00
7.127831660913138911e+00
7.128977174493409841e+00
7.130286825249111615e+00
7.132723938218480164e+00
7.134008172627767763e+00
7.136051163175416434e+00
7.137541488921156585e+00
7.148605042133664433e+00
7.148645116676921596e+00
7.150480197432139917e+00
7.152865682807561853e+00
7.153233476483187303e+00
7.162285109001162553e+00
7.163318889742658513e+00
7.164819162957714482e+00
7.167153970030332388e+00
7.173575365172065510e+00
7.184513386292652015e+00
7.185723252236008385e+00
7.200794365874666703e+00
7.202653849078844317e+00
7.211750082717657939e+00
7.212933757339985874e+00
7.220667132490827811e+00
7.224840946956910592e+00
7.228880771326408272e+00
7.231048558234933310e+00
7.231708464591855012e+00
7.233058590573913982e+00
7.233073029477657734e+00
7.233509729531659715e+00
7.233904415758111384e+00
7.235349871913910214e+00
7.246360477728051919e+00
7.253789392876841546e+00
7.254958535202603365e+00
7.255198736896824485e+00
7.256402978779284751e+00
7.257775785757413445e+00
7.257952866094215416e+00
7.258370094113619331e+00
7.258945390899036454e+00
7.264351374125235239e+00
7.265357525353754120e+00
7.269759595118838291e+00
7.271340213686045217e+00
7.274875506029247596e+00
7.276348587145087699e+00
7.276872052833381233e+00
7.280328091490365416e+00
7.288576445127112891e+00
7.290536556887618147e+00
7.295704711232173345e+00
7.307735791801896141e+00
7.311476325676059318e+00
7.311919216970327540e+00
7.320233979478924624e+00
7.328495298584284612e+00
7.331347107929346407e+00
7.336277810414364886e+00
7.338136499582367911e+00
7.338197850119886567e+00
7.341345542340399710e+00
7.342084046861263147e+00
7.342848267060520406e+00
7.343954885586217785e+00
7.351935230960986445e+00
7.355153518209800012e+00
7.357794104357095577e+00
7.359199918752045377e+00
7.361626204906777104e+00
7.367089063470283250e+00
7.367942387828519735e+00
7.370664404880525211e+00
7.374100140081320198e+00
7.381266526128269945e+00
7.385771819122970427e+00
7.387397758213962717e+00
7.388213991941993797e+00
7.390534716716458341e+00
7.390622212424754700e+00
7.391766943122260791e+00
7.392142604140653717e+00
7.395158593959046733e+00
7.399622594193193237e+00
7.402206993101428267e+00
7.406847632764021583e+00
7.407713210254972758e+00
7.410117461596177790e+00
7.411387297585046774e+00
7.413919680305586013e+00
7.415099985708915931e+00
7.415480058480991232e+00
7.418153141777256820e+00
7.420811790917989370e+00
7.425680256334296736e+00
7.428973645626083311e+00
7.429334789875876588e+00
7.431917738847672261e+00
7.434030825583132440e+00
7.437376850464922917e+00
7.438652666149788040e+00
7.439177669597444087e+00
7.439181928928713994e+00
7.439654707922156440e+00
7.441595086163516726e+00
7.452247824940029020e+00
7.452482045556400259e+00
7.454596747980010818e+00
7.457516824480178386e+00
7.458755995396965766e+00
7.460018036256634844e+00
7.468255896047573117e+00
7.469360157075927376e+00
7.476277458256205932e+00
7.478385347247552772e+00
7.479989431920968990e+00
7.481638490101832240e+00
7.482489379154001696e+00
7.487269648364454966e+00
7.489158488358726551e+00
7.492514220462699548e+00
7.493050253921825110e+00
7.497022371887346104e+00
7.497586465832384306e+00
7.498200182217666487e+00
7.499707164549107574e+00
7.501342786672490881e+00
7.502939564459956578e+00
7.510367003539246689e+00
7.514727748028431797e+00
7.516717045284652343e+00
7.518065716964028589e+00
7.518525289576934334e+00
7.521777330632802183e+00
7.531264823214770310e+00
7.531453700129317141e+00
7.531483114764068176e+00
7.538729537818864124e+00
7.540843020105333139e+00
7.541964174973622370e+00
7.543011086902183138e+00
7.544650800166802895e+00
7.552410235003145900e+00
7.553524342397723856e+00
7.555064198101137052e+00
7.556234877674126160e+00
7.558288655407223722e+00
7.558692322065837743e+00
7.568172100824747339e+00
7.570140650733710785e+00
7.571641451878908136e+00
7.578553693623510945e+00
7.583302063485644950e+00
7.583377759050836886e+00
7.589543111148815413e+00
7.589772442994041413e+00
7.593962963443297021e+00
7.597568399817433260e+00
7.601666356232827937e+00
7.604774853924033629e+00
7.605308807967433360e+00
7.607295821615394971e+00
7.609854314569192368e+00
7.612739771717714987e+00
7.612922826397177545e+00
7.613774570146354392e+00
7.620175453335724214e+00
7.620205261327790858e+00
7.620529365955490242e+00
7.622952988396883178e+00
7.623052466055018961e+00
7.634219908636319829e+00
7.635616514605062299e+00
7.646407271592516430e+00
7.646424359086005040e+00
7.650840889601853156e+00
7.655144484668796601e+00
7.665592797042792839e+00
7.667646558939082091e+00
7.688470233913000662e+00
7.693414796400594113e+00
7.711744565355789227e+00
7.717834632481939572e+00
7.747707075549525868e+00
7.748804911621754776e+00
7.757714737877315692e+00
7.761218379299393177e+00
7.786293642996058750e+00
7.792986017492778750e+00
7.803356206396405703e+00
7.809086892766142540e+00
7.815663287031062723e+00
7.818905132837117300e+00
7.819739864674403407e+00
7.821192447603406706e+00
7.822341388096587522e+00
7.838561724124845753e+00
7.843617883620118469e+00
7.846768733326061174e+00
7.851544276264164957e+00
7.859295918122077396e+00
7.861132677427206339e+00
7.866838089205456797e+00
7.867731977717180136e+00
7.900077400174176034e+00
7.910970833453422557e+00
7.913988155598362439e+00
7.925596103135045922e+00
7.930650244353668832e+00
7.932590011529415897e+00
7.939875676750276945e+00
7.942416009967808499e+00
7.945631519925195008e+00
7.946260781420552810e+00
7.951967110257585070e+00
