3.365548170925984017e+00
3.370601363349055912e+00
3.378323318096933203e+00
3.378409540818281265e+00
3.380095967378100585e+00
3.385171584365636921e+00
3.388587304489560470e+00
3.389166989532953256e+00
3.398339550692900168e+00
3.399537354629984520e+00
3.404953425629126507e+00
3.406030682904315210e+00
3.407230461561093104e+00
3.409988944680169443e+00
3.410119856631036228e+00
3.419571438112966266e+00
3.422194688033863397e+00
3.425775614228288912e+00
3.425907257021763908e+00
3.428543659906067909e+00
3.434591234007664529e+00
3.439323931661089073e+00
3.442899760523615349e+00
3.448608155913075457e+00
3.452289578931539094e+00
3.457474460877679512e+00
3.458580274466319437e+00
3.459996555305210109e+00
3.462993537423961765e+00
3.465948607560561001e+00
3.469737527549469736e+00
3.470114514873993361e+00
3.477058223879963883e+00
3.482616924445824491e+00
3.485447997447958191e+00
3.505786119199691520e+00
3.506119643571752764e+00
3.506457800600949692e+00
3.510232639843946068e+00
3.510633805249069539e+00
3.512605383722866126e+00
3.513916082019779008e+00
3.517721837182827826e+00
3.518291772732340839e+00
3.526344342907540064e+00
3.530807053459071199e+00
3.538407564405468886e+00
3.548756730723636732e+00
3.554406071897289188e+00
3.555965358616750116e+00
3.556302457716623344e+00
3.557294352127200909e+00
3.560847665870374712e+00
3.563350657663891585e+00
3.567540994847338887e+00
3.571872479783557708e+00
3.577092706057341864e+00
3.577301004749589453e+00
3.578118220533313742e+00
3.578670522101147000e+00
3.578957659653511758e+00
3.581581963446518913e+00
3.582320892654837774e+00
3.583409658272052489e+00
3.585945024720710528e+00
3.590658837992435348e+00
3.591308550624106033e+00
3.593580781572931038e+00
3.595108287022904303e+00
3.597405714854122749e+00
3.602026797677202463e+00
3.603786055364337493e+00
3.608584978632970675e+00
3.613139703308477557e+00
3.613796985498050063e+00
3.615120303499696597e+00
3.616470216181246755e+00
3.616506060685909851e+00
3.616906998359403325e+00
3.622528629411521983e+00
3.627100993995183043e+00
3.628606769599043602e+00
3.628900383891902948e+00
3.629529136117541022e+00
3.630825174483666817e+00
3.635637995544034773e+00
3.636673902263091840e+00
3.642328822797273880e+00
3.642662327491100971e+00
3.643551376411863441e+00
3.646706629386347931e+00
3.652923687877099201e+00
3.653544416284823626e+00
3.653848403326168892e+00
3.654133355405473349e+00
3.655227050215268836e+00
3.657373099188341747e+00
3.658511602495155834e+00
3.659864522393301289e+00
3.661723553992980662e+00
3.662252699647245091e+00
3.662514776473060785e+00
3.662564274638000050e+00
3.663269002521041262e+00
3.663741942623664372e+00
3.664400300195341575e+00
3.664921450065412589e+00
3.665940391568456302e+00
3.667495969970958392e+00
3.670156091569308998e+00
3.675111434069021854e+00
3.676890239350472100e+00
3.678120095909087173e+00
3.679136020515587191e+00
3.686378199594039007e+00
3.686409757264483389e+00
3.687726120782486294e+00
3.690932717225761106e+00
3.691887653209543707e+00
3.692591639545537152e+00
3.694085117890336001e+00
3.694962705002458936e+00
3.696441821555488172e+00
3.697160257348568901e+00
3.703701885959744811e+00
3.705071695664134523e+00
3.705094622536247773e+00
3.705146754889500738e+00
3.705184423505626157e+00
3.705635663341813490e+00
3.706891293489251282e+00
3.707018549108876293e+00
3.707924634945212183e+00
3.710328022168667861e+00
3.710380569891291280e+00
3.710595958729676624e+00
3.711218319747639605e+00
3.715071264838765597e+00
3.716763679015855359e+00
3.717562591040949549e+00
3.717815521030543024e+00
3.719227642780546628e+00
3.721009460831010252e+00
3.721953997543449688e+00
3.723237977908997909e+00
3.723253413902781084e+00
3.723403180920486832e+00
3.724314809523555425e+00
3.724899568911895997e+00
3.725036472249824815e+00
3.726779052690170513e+00
3.728465061346835974e+00
3.731815141990534990e+00
3.731984577060438735e+00
3.732753971012832572e+00
3.734298975975846702e+00
3.735148377258568964e+00
3.737067302142035974e+00
3.738547782386564489e+00
3.739000820736132269e+00
3.745026897243018293e+00
3.745797666881050425e+00
3.746162044343215314e+00
3.749347790881328191e+00
3.749965238591077554e+00
3.750942435594333269e+00
3.751544935738340136e+00
3.752689560496645260e+00
3.753043188405855712e+00
3.753178680582408777e+00
3.755283149509872853e+00
3.756796508134823576e+00
3.758261024002177653e+00
3.759952252546863605e+00
3.759986950432637087e+00
3.763583583629031004e+00
3.767020006820895883e+00
3.768098415241709187e+00
3.768152717282369668e+00
3.771410884822907317e+00
3.772372218521693910e+00
3.772512616667122565e+00
3.772513873692938446e+00
3.772555425760854231e+00
3.775520154350961999e+00
3.776051653575401179e+00
3.776380521909958876e+00
3.777436119716926832e+00
3.779108113808398617e+00
3.781265478059469665e+00
3.783048726832838771e+00
3.783104375913359352e+00
3.784236572391688647e+00
3.784855770997573199e+00
3.785865378771807510e+00
3.786113456391410281e+00
3.787012606748554777e+00
3.790877936150465199e+00
3.791120457978530922e+00
3.791769997005342674e+00
3.791772064685260180e+00
3.794860971041499109e+00
3.798679434994442161e+00
3.800757315860591845e+00
3.801185934726651450e+00
3.801692208372965620e+00
3.802059647377154850e+00
3.802813944095923659e+00
3.806283314785215310e+00
3.807652361874071634e+00
3.808573934547816453e+00
3.810923804299005457e+00
3.814431620346568685e+00
3.814685303446114339e+00
3.815337922999419096e+00
3.815752171517195812e+00
3.816697264891168118e+00
3.816954236460296634e+00
3.817175855680106977e+00
3.818032938633372453e+00
3.818796178819690024e+00
3.820173871138927257e+00
3.820290188432403422e+00
3.820844348427941295e+00
3.822361221285892174e+00
3.825059077115869233e+00
3.826430626987149086e+00
3.827925678111768093e+00
3.831603669197480855e+00
3.832289908819535906e+00
3.833481105610569983e+00
3.835557637180043500e+00
3.836045948909345249e+00
3.838909976072601093e+00
3.843096143522471753e+00
3.844546771376763594e+00
3.844604703230658505e+00
3.845379319382260519e+00
3.847058954913510576e+00
3.847517810584328846e+00
3.848084788809587931e+00
3.849629789644079647e+00
3.850451216682741595e+00
3.852331796035163958e+00
3.856574381456344902e+00
3.856697741868021279e+00
3.857596888392173184e+00
3.862873535508018374e+00
3.866075595891582228e+00
3.866729174367439903e+00
3.867125278545116451e+00
3.868597852902198042e+00
3.870848002737041327e+00
3.871258832552534113e+00
3.873223734169552124e+00
3.874468721690458306e+00
3.875458395339655748e+00
3.877265586754470306e+00
3.877564403595663567e+00
3.881444806154464633e+00
3.881479138387265326e+00
3.882960245521892340e+00
3.885259704959371785e+00
3.888270684219683915e+00
3.888892912419553483e+00
3.896458285233797891e+00
3.898177214559269910e+00
3.899158532174264113e+00
3.899607228121634073e+00
3.900233813659948812e+00
3.900446094714371537e+00
3.901351353514655784e+00
3.901958716361652257e+00
3.904886490931120946e+00
3.907457094059039182e+00
3.908677539593885530e+00
3.908733639755962663e+00
3.909031671395127638e+00
3.909342886116363491e+00
3.912918356529162534e+00
3.913788514579701339e+00
3.914053156595242999e+00
3.914326564023894228e+00
3.917898114272804655e+00
3.918823248938236414e+00
3.920384919855784744e+00
3.921351716486821903e+00
3.921817650546504108e+00
3.922104193483083812e+00
3.923507042983367832e+00
3.923929642077727653e+00
3.924193073378701158e+00
3.927735585965768994e+00
3.929334125735472583e+00
3.930986942173991139e+00
3.931758947995295461e+00
3.931837519529191916e+00
3.933795988331560523e+00
3.935122673441460606e+00
3.936921136951105016e+00
3.937025552105812398e+00
3.937077168941941263e+00
3.938157391493675163e+00
3.938878490302398117e+00
3.940233923567599827e+00
3.942099985269573281e+00
3.942134335235803810e+00
3.943588662548076940e+00
3.945164816045954925e+00
3.945727921865040511e+00
3.946213485486484540e+00
3.947916831469529431e+00
3.948863449183020791e+00
3.952008637269316615e+00
3.952771619801480174e+00
3.958214654822002743e+00
3.959967496368740569e+00
3.960576736353691452e+00
3.961576882003287281e+00
3.963037369746452487e+00
3.964009348372245611e+00
3.964727168431775528e+00
3.966901526993942717e+00
3.968688346313670845e+00
3.970101303416567085e+00
3.971310757075054543e+00
3.971863412887055134e+00
3.975682634994749609e+00
3.975826333077170815e+00
3.976250091645509244e+00
3.976907864486256550e+00
3.980810906116187819e+00
3.981073845634988562e+00
3.982042768173042369e+00
3.982062163679279010e+00
3.982348693802586936e+00
3.986911563447962603e+00
3.987648802877509890e+00
3.988745492974381524e+00
3.989305618180598589e+00
3.989506206447584802e+00
3.992184073725533189e+00
3.993093581095555678e+00
3.995761658401280059e+00
3.998170031781274503e+00
3.998743749488442134e+00
3.999746270136893322e+00
4.000512686247032157e+00
4.000546690010429174e+00
4.001565242636572428e+00
4.001627832127666373e+00
4.001927796223321288e+00
4.002009928982000808e+00
4.003104516118302314e+00
4.003847603825418489e+00
4.004379983604722248e+00
4.005267557124408739e+00
4.007307939427918519e+00
4.007864428993604733e+00
4.011286834875167351e+00
4.012491610252717500e+00
4.014437313823365550e+00
4.017221437623159197e+00
4.020793595255197417e+00
4.021457158379402763e+00
4.021762766658318888e+00
4.022528743908795335e+00
4.023212323740044560e+00
4.024888977228708420e+00
4.027085093974070773e+00
4.028464664019921315e+00
4.028627170425086668e+00
4.028707122576594024e+00
4.029782254726018920e+00
4.030652559398165025e+00
4.032036743038166726e+00
4.032278842052575918e+00
4.032694092102586225e+00
4.032862425317945032e+00
4.033009096594395437e+00
4.034056960380315360e+00
4.034648307156474267e+00
4.037317239682917780e+00
4.037922340178005776e+00
4.038199262573535897e+00
4.039936838933989804e+00
4.040055815831649078e+00
4.048586703216762395e+00
4.048850022790091430e+00
4.050184873721322631e+00
4.051504972077354161e+00
4.051740018593615211e+00
4.052765713415761084e+00
4.052789944009917988e+00
4.053848531535800603e+00
4.054126284638518207e+00
4.057140635367346704e+00
4.057730427263579465e+00
4.059091117439419527e+00
4.062775342222197494e+00
4.064297835836604200e+00
4.066753532432247020e+00
4.069107319102569953e+00
4.069396922128286853e+00
4.070162016663700477e+00
4.071071182452448589e+00
4.073964975232934549e+00
4.074173952664376763e+00
4.074308737373878664e+00
4.074637705809850630e+00
4.075255085854491810e+00
4.075716455953508621e+00
4.076772747223005311e+00
4.076783855764907649e+00
4.078154573830953034e+00
4.078687709408689521e+00
4.081196347887003917e+00
4.081676629137252377e+00
4.082213482352107903e+00
4.083364089236055428e+00
4.084911639179807707e+00
4.086305504586007942e+00
4.087626468246840616e+00
4.087915894486992663e+00
4.088902219853181030e+00
4.090379298585796519e+00
4.090738706911363209e+00
4.092338759575648410e+00
4.092354122597693156e+00
4.093341239800521336e+00
4.096613401982002856e+00
4.100698307870455750e+00
4.100701611022167903e+00
4.100725371555118848e+00
4.101532772467505694e+00
4.102055940844567594e+00
4.104989953177839546e+00
4.106769085574441647e+00
4.107250154846391332e+00
4.107620348490367945e+00
4.109981287309286913e+00
4.110323792809277954e+00
4.111142015865330457e+00
4.111740270013867438e+00
4.112788205583382428e+00
4.113930973507445188e+00
4.114667034531246159e+00
4.115449837603274652e+00
4.115655330217207641e+00
4.117441007698632305e+00
4.118324373667251237e+00
4.123765334504406965e+00
4.126087248962361897e+00
4.126152530470406532e+00
4.126542300160120469e+00
4.126560037510082601e+00
4.128239799251577580e+00
4.129966347411524019e+00
4.131070610901602436e+00
4.131852962637622362e+00
4.133006940902557602e+00
4.133277563970382040e+00
4.134167147928931918e+00
4.134323658794428091e+00
4.135275259409185722e+00
4.137510224785204471e+00
4.139556245742324059e+00
4.141076208672166636e+00
4.141364414921548942e+00
4.141811688892935273e+00
4.142478213600123027e+00
4.142880594276261874e+00
4.146046877765229510e+00
4.147599126781457812e+00
4.150533160426660650e+00
4.152372629757517863e+00
4.153531845990994675e+00
4.154699444968215971e+00
4.158730147652202724e+00
4.161392379358078486e+00
4.163375997235028159e+00
4.163491244631895682e+00
4.164428151371728504e+00
4.164842173575507012e+00
4.166392133776155582e+00
4.166755631350811839e+00
4.169383562700589074e+00
4.172484508302732209e+00
4.173236868193869853e+00
4.173256584228625776e+00
4.175691672720599712e+00
4.175838052887952401e+00
4.176015073994789439e+00
4.176787514499728182e+00
4.178757177869233175e+00
4.182776952011555416e+00
4.183102043433334138e+00
4.185148273151717113e+00
4.186702246339160105e+00
4.187306471628583715e+00
4.188064585732150569e+00
4.188833323347393112e+00
4.188910065887134770e+00
4.191074151169813966e+00
4.191367092333898370e+00
4.191456744671355317e+00
4.191795102123460737e+00
4.193278909330258486e+00
4.199260211294702394e+00
4.199283026204598812e+00
4.199293811499052786e+00
4.205284706354962765e+00
4.206922493850094646e+00
4.207948341117783819e+00
4.208741873678619072e+00
4.209307215837188920e+00
4.209818008953408963e+00
4.211294557375269143e+00
4.211636891405387217e+00
4.211713724631210631e+00
4.211982923069466977e+00
4.213513264479199272e+00
4.213898288295824024e+00
4.214513582528281788e+00
4.214892316235231640e+00
4.215258913037307487e+00
4.215510869867058474e+00
4.217456744046548245e+00
4.217465278977345022e+00
4.221492770302132769e+00
4.222360372223341152e+00
4.222498526674093533e+00
4.223574775673755610e+00
4.223659940127804546e+00
4.230590476437197545e+00
4.230780518641351406e+00
4.231134756416398801e+00
4.231468305096690585e+00
4.233966477553577690e+00
4.234193277458087046e+00
4.235606245515046275e+00
4.238349084703192382e+00
4.238442794030227390e+00
4.238715296914499220e+00
4.240108375533210960e+00
4.241498984052597621e+00
4.241610083469148584e+00
4.242714345975254098e+00
4.246445808351279716e+00
4.246779381324084390e+00
4.247118564635576021e+00
4.247951701615344966e+00
4.248541327376799792e+00
4.248551345783954325e+00
4.251624669078186258e+00
4.253009460566008038e+00
4.253397502142120423e+00
4.253814730011893808e+00
4.254371057819185786e+00
4.255638246050396312e+00
4.256402751621488179e+00
4.256588792506773800e+00
4.256764647387055511e+00
4.257195348251623379e+00
4.257498010901326957e+00
4.257558944714745053e+00
4.257874561804308122e+00
4.259826108976562331e+00
4.260360571212609138e+00
4.263587513124471151e+00
4.264110408837403554e+00
4.264308117855305724e+00
4.264917086697626480e+00
4.265743983810896367e+00
4.269081116325534886e+00
4.274767386459803475e+00
4.275113690970077762e+00
4.278939081914324483e+00
4.282140923737934202e+00
4.282311990590184081e+00
4.282347199115213776e+00
4.283108065494256600e+00
4.283749421202202257e+00
4.285773210508961206e+00
4.287590061897241789e+00
4.288616915757355486e+00
4.289767239306140567e+00
4.290106208419040001e+00
4.290243688882372730e+00
4.290299125547433867e+00
4.290352858994414653e+00
4.290948655031967540e+00
4.292841944036210222e+00
4.293008237514906789e+00
4.293746943109958636e+00
4.293980963174093723e+00
4.294234102000779707e+00
4.294623828304945157e+00
4.295595317015208359e+00
4.296903348503358089e+00
4.299076366424669615e+00
4.300966409893847597e+00
4.302559320849560720e+00
4.303502623184048304e+00
4.304429915154736719e+00
4.305005000506829660e+00
4.305702263925988760e+00
4.306285342313837639e+00
4.307444752809264976e+00
4.307800563311398712e+00
4.310971696254512153e+00
4.312138950607747212e+00
4.313390126651546197e+00
4.314768055754437448e+00
4.314787363104166218e+00
4.315556441157792911e+00
4.315652687670981535e+00
4.318285863081524845e+00
4.318668744518176617e+00
4.318735022194555739e+00
4.319775753739539148e+00
4.319832556093410325e+00
4.321154820862499690e+00
4.322218113828285802e+00
4.322246837117810436e+00
4.323152468847673013e+00
4.323883450194213829e+00
4.330100422934807902e+00
4.330409096084811615e+00
4.331283823018748258e+00
4.333101767925396253e+00
4.334811552016252456e+00
4.340229725431891339e+00
4.340492410495759401e+00
4.341878423322205194e+00
4.342848018362347240e+00
4.344032805500926742e+00
4.345761205240137315e+00
4.346272589605043812e+00
4.346484859509560650e+00
4.348334084125808907e+00
4.348972939640874280e+00
4.349628819405219282e+00
4.352715104780053856e+00
4.354275247111894842e+00
4.354818695147957719e+00
4.355957835427513025e+00
4.360070527668558960e+00
4.360316143178549986e+00
4.362543692533404460e+00
4.363963402931927860e+00
4.365065020887639591e+00
4.366187011165367338e+00
4.368163998505449008e+00
4.368491152551741585e+00
4.370322657064912519e+00
4.371225930212820465e+00
4.371282192972739011e+00
4.372502861050345579e+00
4.373105895513146102e+00
4.374748797665031219e+00
4.376038287603160271e+00
4.376619928470127263e+00
4.377648326816474977e+00
4.379522356032814479e+00
4.380984286634367564e+00
4.381508505779966534e+00
4.384251082946875933e+00
4.385516430122560649e+00
4.385718022381014158e+00
4.386264850522580083e+00
4.386408285380290373e+00
4.387039304253058880e+00
4.388499066575983321e+00
4.388598346606384482e+00
4.388743633262703447e+00
4.391153187422393245e+00
4.395276745082822956e+00
4.396058408622305791e+00
4.399815777531967065e+00
4.403478611548899302e+00
4.403902051399567696e+00
4.406920141891113474e+00
4.407499248329603603e+00
4.411093713790970483e+00
4.412817007761325350e+00
4.413291086846006017e+00
4.413623020335608160e+00
4.414869825025204086e+00
4.416270667072918599e+00
4.416762050237312387e+00
4.417172513938106171e+00
4.417591523382182750e+00
4.418744375882291742e+00
4.418980323971514856e+00
4.419761103915914369e+00
4.420607053617993110e+00
4.425107560159105446e+00
4.425154647585072709e+00
4.425965804542369320e+00
4.426024629762881801e+00
4.427374374392227807e+00
4.430053454674844460e+00
4.430391536228603044e+00
4.431663494233070821e+00
4.433504579797181933e+00
4.434989440818175588e+00
4.435105903282096307e+00
4.441292612512434346e+00
4.441591022360459107e+00
4.443258190712028544e+00
4.445016917698877634e+00
4.447685483332613821e+00
4.448564831901724581e+00
4.449850528915986203e+00
4.450668332204712918e+00
4.451622706570535826e+00
4.452128923253475534e+00
4.454175944213629279e+00
4.455551442618978619e+00
4.456137711829204484e+00
4.456370277003986580e+00
4.456753884535952892e+00
4.458314540163113016e+00
4.458497991693822549e+00
4.458585413466423120e+00
4.458605375820327232e+00
4.460324153121471902e+00
4.461097173574768426e+00
4.461337179334102565e+00
4.464747534821367658e+00
4.466609020849452882e+00
4.467288218619146711e+00
4.468345471988838469e+00
4.471720794699323598e+00
4.474832296212050586e+00
4.476217235402774719e+00
4.476672277506381192e+00
4.479037573633404712e+00
4.482320833085902123e+00
4.482853346545229378e+00
4.485562200033410996e+00
4.486499420207036515e+00
4.487882118596708381e+00
4.487896202366595588e+00
4.491240845735547715e+00
4.492318228863211083e+00
4.493294729348410677e+00
4.494428810135588925e+00
4.497000491259517396e+00
4.497479260742419882e+00
4.498434286146165917e+00
4.498964632196647884e+00
4.499667081128368551e+00
4.500415112298957965e+00
4.500742359597343700e+00
4.508536675337798449e+00
4.509254216594466236e+00
4.510275550110418585e+00
4.512026572901806531e+00
4.514602562911256278e+00
4.516240871405769575e+00
4.518799428649499461e+00
4.520417928830817722e+00
4.521176873178811562e+00
4.521305031346082970e+00
4.523242493492928062e+00
4.523243522848868103e+00
4.523569110179761488e+00
4.523590506529914457e+00
4.529159447651720072e+00
4.529796525512961303e+00
4.531237255863715063e+00
4.531280588512536234e+00
4.531518431730359175e+00
4.531991534980108760e+00
4.532818608822366535e+00
4.532881410340528383e+00
4.536044009740529681e+00
4.536443631710015190e+00
4.540227670222525269e+00
4.540799115448958645e+00
4.542383813032503603e+00
4.542720854881017623e+00
4.542966997981519484e+00
4.544627058132573616e+00
4.544859559828070772e+00
4.548232848620254565e+00
4.548989877869734855e+00
4.551200496670951168e+00
4.551573498512347271e+00
4.553569970456088356e+00
4.554530147892731584e+00
4.556741933650855891e+00
4.558061822025523568e+00
4.558130922763481863e+00
4.564270330547017807e+00
4.569585471146092814e+00
4.569658327882755167e+00
4.569662759262377527e+00
4.570436070979014609e+00
4.570925792134174159e+00
4.571708426557743898e+00
4.572198949598187845e+00
4.572897542934347470e+00
4.572982433733337793e+00
4.575793431309069348e+00
4.576022050298988120e+00
4.577905880753018408e+00
4.578093219214219189e+00
4.579946775414308391e+00
4.580778914453066619e+00
4.582192304028778196e+00
4.582287275054674147e+00
4.583582849016424987e+00
4.583906668143132634e+00
4.584055414274309292e+00
4.585807598964287024e+00
4.586262010851139159e+00
4.587124846745906481e+00
4.588069256704246257e+00
4.589446006214528140e+00
4.589829727454716846e+00
4.593589480475229969e+00
4.594682864008610146e+00
4.595297318689430810e+00
4.595876321121508568e+00
4.596539871399295762e+00
4.599871932702333410e+00
4.603098289733107862e+00
4.604151053765619395e+00
4.604295702591459261e+00
4.604363958457527772e+00
4.605830264589049428e+00
4.607178413268830930e+00
4.609718409233642511e+00
4.609790223338545267e+00
4.610464471076215709e+00
4.611432029931918031e+00
4.611739272745231766e+00
4.611998003592737483e+00
4.612888265874608429e+00
4.613741061359941220e+00
4.615755410904521128e+00
4.616292655407231216e+00
4.616847545176590906e+00
4.617095615210658366e+00
4.620703447670449826e+00
4.622173448480435987e+00
4.625586380013792187e+00
4.626160641409030383e+00
4.628442257667289894e+00
4.631472684176102916e+00
4.631693079769760857e+00
4.635758640304478817e+00
4.638291301209925166e+00
4.642204918541691150e+00
4.643110131147555997e+00
4.643299176582369014e+00
4.643380899059639688e+00
4.643844625323239939e+00
4.644000668354173911e+00
4.644567488603175143e+00
4.649252223939829953e+00
4.650223518403323375e+00
4.651564275156799155e+00
4.653993006893381690e+00
4.655562388630785087e+00
4.656637019824082735e+00
4.657605089008779231e+00
4.657766348135639944e+00
4.658235883747873451e+00
4.658903586981781864e+00
4.659663819520244665e+00
4.661111003871637237e+00
4.662425051175790536e+00
4.665810712939174820e+00
4.668463203014360019e+00
4.670700647028660946e+00
4.671185826331210045e+00
4.672173423312748319e+00
4.675925822934145160e+00
4.678029618063551887e+00
4.679425261112423406e+00
4.680273648743471071e+00
4.680489368124042926e+00
4.680550957498020637e+00
4.680940689426005719e+00
4.683080235269144964e+00
4.685151998486850822e+00
4.685414377034025968e+00
4.687297554121098386e+00
4.687831340395542945e+00
4.688580931204228364e+00
4.688666900431746498e+00
4.690333804608970425e+00
4.691768253303699510e+00
4.692140803407378158e+00
4.692887158964699879e+00
4.696040447766634429e+00
4.697154309458140276e+00
4.697769753192848619e+00
4.698234255870449516e+00
4.698307380185321236e+00
4.699024082145085934e+00
4.699250777960736869e+00
4.701782637218776095e+00
4.703257343359464215e+00
4.703894663776525320e+00
4.704181309429171343e+00
4.706333654166025227e+00
4.708372687489273289e+00
4.711911329280220606e+00
4.713886863012465511e+00
4.713892371692155692e+00
4.716461936791003673e+00
4.716746093039368759e+00
4.717071684194581671e+00
4.719011870365745764e+00
4.720522061917777457e+00
4.721430063569386881e+00
4.724681785062989192e+00
4.725560539128800031e+00
4.725775352648525107e+00
4.725843611705737857e+00
4.726675747355906232e+00
4.726749361325084386e+00
4.728962229201280287e+00
4.732957828847876414e+00
4.735505505603262222e+00
4.735636735073767589e+00
4.736718689514474612e+00
4.740048975568976530e+00
4.740627916506572781e+00
4.740865045173866754e+00
4.746362291867813887e+00
4.746699027020575556e+00
4.751358274102775781e+00
4.753822585169446668e+00
4.756672977895559207e+00
4.756938988044983496e+00
4.757378432313281280e+00
4.759660331635723551e+00
4.762337266961797155e+00
4.763782263834951181e+00
4.763795952461998162e+00
4.771266733499829549e+00
4.774769626571124803e+00
4.775976924331574835e+00
4.777191216777886495e+00
4.778165687154319663e+00
4.779393081826190048e+00
4.779548213370067522e+00
4.781644368181388494e+00
4.781738937557070912e+00
4.782142128493761746e+00
4.782188862053752487e+00
4.782228261042784645e+00
4.782232389241468873e+00
4.785743281150572237e+00
4.787032086940995690e+00
4.788238079106801770e+00
4.788921897925072280e+00
4.789005842908713895e+00
4.789953087774958540e+00
4.800150649498016620e+00
4.802377933381836606e+00
4.802810121057512482e+00
4.814890750514159379e+00
4.820059567822323032e+00
4.823077626141474283e+00
4.823485790302506793e+00
4.824227347538493582e+00
4.824914091679509021e+00
4.826640251156828931e+00
4.829861162728785295e+00
4.830187135945204879e+00
4.830674588825523585e+00
4.834448248659957592e+00
4.835370574571876467e+00
4.836677289264883051e+00
4.838306486421246611e+00
4.839215382484828964e+00
4.842979407362149047e+00
4.847555358804940262e+00
4.850117770636367176e+00
4.850125678529645157e+00
4.852125072058261601e+00
4.853110991792558337e+00
4.853231970543570917e+00
4.853261536301958223e+00
4.854029805264380215e+00
4.854404724723327291e+00
4.864912674989400720e+00
4.865233207286899564e+00
4.868215303635688329e+00
4.868260073218311668e+00
4.868541581552863207e+00
4.869728649244728480e+00
4.871795242304139073e+00
4.872414646223116819e+00
4.873556503637099802e+00
4.874752711940151251e+00
4.875078684708324062e+00
4.877422993480763580e+00
4.879314821222754617e+00
4.879634089324254909e+00
4.879835521715364166e+00
4.884700410637292656e+00
4.885623123721098082e+00
4.886621411931963976e+00
4.888777372213525041e+00
4.889454009675584523e+00
4.889556479397565880e+00
4.890075255636313400e+00
4.896432445559960378e+00
4.896996155670886530e+00
4.897086817724454200e+00
4.900785406514697407e+00
4.901318986444890946e+00
4.901846063409766252e+00
4.904865129855231487e+00
4.905455711137194363e+00
4.909645408080761442e+00
4.910840440937120022e+00
4.914675551853412649e+00
4.917489883222243563e+00
4.918763672900809958e+00
4.919085912817871886e+00
4.920507621546874155e+00
4.920562265826387893e+00
4.920744948337454794e+00
4.921188759350396680e+00
4.922496352387645047e+00
4.923027170646523842e+00
4.925446799718526947e+00
4.926148343875571989e+00
4.927267670782927489e+00
4.928541808505420896e+00
4.929361587003924683e+00
4.931442243050104146e+00
4.933589973201044643e+00
4.934945408985113247e+00
4.938296873809093768e+00
4.940674798964530545e+00
4.941914684118673406e+00
4.942129012694044476e+00
4.942885563282019667e+00
4.945733617796078896e+00
4.946465936864544055e+00
4.949637926254760956e+00
4.954465621329240399e+00
4.956218715617753290e+00
4.961711696095609803e+00
4.964981048244458073e+00
4.968723560662206218e+00
4.975833343352144666e+00
4.975958339770596872e+00
4.976229361393435191e+00
4.977064979287820101e+00
4.980524441234053690e+00
4.983090861260523141e+00
4.983517020036823730e+00
4.985166113072773797e+00
4.986179666985990799e+00
4.986215844562424060e+00
4.987366275674177452e+00
4.987935594020961538e+00
4.989730715388153826e+00
4.991333484621640615e+00
4.993184927720656141e+00
4.995441049217467899e+00
5.000457563815015050e+00
5.000728949911358967e+00
5.003832917065259345e+00
5.006055478247160018e+00
5.007241650165499713e+00
5.008630964128951923e+00
5.012703590520975361e+00
5.015605625407500767e+00
5.016667631369094771e+00
5.017154238683144030e+00
5.017864735821451205e+00
5.019446041407968018e+00
5.019806717617009362e+00
5.020553364209443536e+00
5.022949432248732471e+00
5.023559295546170311e+00
5.024443689283688563e+00
5.026803823180461706e+00
5.027403515827326252e+00
5.031689523200709502e+00
5.032098652827223795e+00
5.032891183655358702e+00
5.033759090700221428e+00
5.037694353750674203e+00
5.040471714822941429e+00
5.049787128193814922e+00
5.052111078336663397e+00
5.052262729874634317e+00
5.055427063992243397e+00
5.057473198101996026e+00
5.057918110906011400e+00
5.060207041660144789e+00
5.060749485163951178e+00
5.063679562038934989e+00
5.064586928474715144e+00
5.065710720048477889e+00
5.067530908768827835e+00
5.070557485144786547e+00
5.072350163020496794e+00
5.076335745129481936e+00
5.077747097053566527e+00
5.079943995271610113e+00
5.083460308263997973e+00
5.083676346970938731e+00
5.090123107406622438e+00
5.091234407462402523e+00
5.093465004910507687e+00
5.094742079833755710e+00
5.095490679883953433e+00
5.095936448770006955e+00
5.096352316129027393e+00
5.098135828586082496e+00
5.102637137046954763e+00
5.102743654101749904e+00
5.106423226734519538e+00
5.106430257117739124e+00
5.109095737605182208e+00
5.109647247981252249e+00
5.110071278545238904e+00
5.112368075074333440e+00
5.114922801499201199e+00
5.115292083544951574e+00
5.115296050179218845e+00
5.119868272094326933e+00
5.123017229626707802e+00
5.123556597568612148e+00
5.126145099997486909e+00
5.133488791826487763e+00
5.137630070747127853e+00
5.138696120360746633e+00
5.138727108272681754e+00
5.141717387540208684e+00
5.143417521571619133e+00
5.145577693146258902e+00
5.148333237895931447e+00
5.165372867113874555e+00
5.166663668523201025e+00
5.166936390154225123e+00
5.167564776691913053e+00
5.168724343842759694e+00
5.169311621582105332e+00
5.172516825918751948e+00
5.176275038820072005e+00
5.176903367063122374e+00
5.178378975242234006e+00
5.179760871422640633e+00
5.180545370838975039e+00
5.182818892542846889e+00
5.184261393258818629e+00
5.187946061588439406e+00
5.189368948087429878e+00
5.191620175593202546e+00
5.193038182999087482e+00
5.193482883250956306e+00
5.196580616142407294e+00
5.197063433520660247e+00
5.198911478367451267e+00
5.199670405424416941e+00
5.200091787638325691e+00
5.200688453703738112e+00
5.207431862211961970e+00
5.207842698751108834e+00
5.211524620418138021e+00
5.216357322537191976e+00
5.217663874607833208e+00
5.224360394749709258e+00
5.226757637923318711e+00
5.227219214640549616e+00
5.237365279015388175e+00
5.238794548527948791e+00
5.240841461725273653e+00
5.240998500497205725e+00
5.246627290159780799e+00
5.249263957600677877e+00
5.249697501990980619e+00
5.250916712915885576e+00
5.251467895433972188e+00
5.251506194926574445e+00
5.258679354340201506e+00
5.260856379553946915e+00
5.261055276482930587e+00
5.263862250081313476e+00
5.274648019502263807e+00
5.279982749506062056e+00
5.295465693890182735e+00
5.296341913647540700e+00
5.303434068001489088e+00
5.304948534701457774e+00
5.306468737850678963e+00
5.313900541009616063e+00
5.314945721065648776e+00
5.324690645733754835e+00
5.328033284537396774e+00
5.328067599706828972e+00
5.335371574657719052e+00
5.335590446734959968e+00
5.336621668350379544e+00
5.336867000429543317e+00
5.340075457950271165e+00
5.343612043759179642e+00
5.350493085249303782e+00
5.351017650602135411e+00
5.355365854600081299e+00
5.360434253603166610e+00
5.365491403687415506e+00
5.367937578757084438e+00
5.375843521317775320e+00
5.379820225296676917e+00
5.384848379447338296e+00
5.385820438864918458e+00
5.388132146180602433e+00
5.390779829683728153e+00
5.395906895293521188e+00
5.398157632715943954e+00
5.405798572705798222e+00
5.408580726760542134e+00
5.410461954725510836e+00
5.413684439970348983e+00
5.417370782485360969e+00
5.420855918480474323e+00
5.421175223673486698e+00
5.427417730515026406e+00
5.428883513351383527e+00
5.431946375349627765e+00
5.432934986127001764e+00
5.433996301438885901e+00
5.435455681126964755e+00
5.439668679896888293e+00
5.440722751803714452e+00
5.441263441842286497e+00
5.446387689903887441e+00
5.449750591287726209e+00
5.453751891535170593e+00
5.454545116321908083e+00
5.466388234871769392e+00
5.468924766098346879e+00
5.469737635046986846e+00
5.473436077857050108e+00
5.475868141009968326e+00
5.479946700369001888e+00
5.480877189768833091e+00
5.482023663145430881e+00
5.486252510681588035e+00
5.491342592421630364e+00
5.491686685478572194e+00
5.493780071094940709e+00
5.498764643239902661e+00
5.503005575289317441e+00
5.503473400144963001e+00
5.506200763091972483e+00
5.516240287202561987e+00
5.522411617327905198e+00
5.522716506251327928e+00
5.524068683139236491e+00
5.526270208294318032e+00
5.531821267103318007e+00
5.535570450464137870e+00
5.535583974825715181e+00
5.539212495282200166e+00
5.539560570657913630e+00
5.551164770992500941e+00
5.557425404814869907e+00
5.561302694653038614e+00
5.567547991016789766e+00
5.567893139198295316e+00
5.574940403719351956e+00
5.577771975954800787e+00
5.579440515268360379e+00
5.582540890861893423e+00
5.583850841986615521e+00
5.590760638063962951e+00
5.591712622020704515e+00
5.592450431545652911e+00
5.594241598255655923e+00
5.601805382746270823e+00
5.607184064802022583e+00
5.616373705204152245e+00
5.627658386663263457e+00
5.630421919509583262e+00
5.631679915558692961e+00
5.643211621654735666e+00
5.645151115450093293e+00
5.649247402129959461e+00
5.650858377231954499e+00
5.651187403989992752e+00
