3.066530509583210939e+00
3.072258267694557343e+00
3.075965300718787265e+00
3.079965999540053456e+00
3.084200697705477445e+00
3.085397842649036271e+00
3.090051039097660546e+00
3.091075316112267490e+00
3.095363266214855802e+00
3.095364368157980994e+00
3.095397177987396553e+00
3.096213809331421984e+00
3.096874136787455267e+00
3.098109709949529833e+00
3.101054759204728395e+00
3.102789319653849187e+00
3.102872726087886335e+00
3.103207848129201363e+00
3.106511132899808292e+00
3.108913151407334929e+00
3.109632226384033249e+00
3.114186353476877667e+00
3.117284035600430325e+00
3.118658525904898227e+00
3.119391345989987130e+00
3.122186819286544512e+00
3.122269011731063859e+00
3.123190577927215994e+00
3.123970145739218385e+00
3.125656266506778191e+00
3.126053610419919693e+00
3.128369360517197606e+00
3.128864721040430563e+00
3.130082408700217922e+00
3.132473200199971330e+00
3.133392072459016742e+00
3.133951275706617690e+00
3.133997326905733960e+00
3.135008445908853858e+00
3.136984638578473206e+00
3.137152378183240664e+00
3.138059166285885215e+00
3.139837039017567388e+00
3.141337027909049784e+00
3.144000656490926193e+00
3.144703722685991298e+00
3.145169316805179527e+00
3.147958303393462387e+00
3.147965926922663193e+00
3.150659957697600433e+00
3.152886375274146058e+00
3.153982613874553032e+00
3.154344216194022277e+00
3.156418494873868497e+00
3.157115392676606458e+00
3.157153865153737637e+00
3.157289747832542570e+00
3.158846055626066018e+00
3.159261933817478329e+00
3.159748798162053784e+00
3.161234822567063230e+00
3.161540090037113782e+00
3.164388345628511789e+00
3.168279310131175919e+00
3.168727155826509101e+00
3.169104463617499423e+00
3.169686405192730483e+00
3.172344752692284331e+00
3.172375060364817756e+00
3.172707247106332229e+00
3.175124069254019687e+00
3.175724661779859570e+00
3.175775104671355376e+00
3.175921271758752606e+00
3.177149398307162809e+00
3.184981696618079727e+00
3.185250756466466271e+00
3.185606120421249798e+00
3.185674187244723399e+00
3.185769559033329479e+00
3.188325879121513218e+00
3.188820197559777636e+00
3.189220866570865898e+00
3.190830454023530383e+00
3.191805853348183231e+00
3.192808329888867203e+00
3.193145976620350268e+00
3.195106685700983107e+00
3.197241098261345282e+00
3.199417809682422842e+00
3.203547598607045632e+00
3.203946218319049244e+00
3.207438996299261991e+00
3.207951545086545231e+00
3.208327549492898889e+00
3.210592667651873455e+00
3.211208828947493821e+00
3.211840873933864859e+00
3.212001216374617218e+00
3.213988525281882502e+00
3.218393124165144226e+00
3.218554274952283745e+00
3.218675091872074123e+00
3.219538734268247993e+00
3.223838535200699962e+00
3.224509196039147430e+00
3.224700232208744577e+00
3.227385608015896690e+00
3.228662401954465633e+00
3.230183220627539598e+00
3.230287730453683004e+00
3.232740833559422100e+00
3.233221602694975605e+00
3.233397098131576275e+00
3.234478236127651396e+00
3.235314748881024549e+00
3.236689645525014480e+00
3.242527105474207971e+00
3.243255957233877940e+00
3.243409898574770800e+00
3.244993782776847357e+00
3.250290952726988536e+00
3.251323266878780593e+00
3.253838177414882793e+00
3.254056723940295548e+00
3.254262000255642384e+00
3.254640456347851263e+00
3.256141216359832224e+00
3.256842438757714397e+00
3.257784551788843963e+00
3.259740506475794941e+00
3.259955816864227529e+00
3.262763368973074396e+00
3.265275162751032578e+00
3.267114872317935070e+00
3.270926511647466839e+00
3.272884071890028057e+00
3.273276096045362848e+00
3.273904929271996611e+00
3.275166896963510599e+00
3.275497912350848750e+00
3.276110579168284076e+00
3.277715452701918331e+00
3.279106815785470808e+00
3.281311364848589651e+00
3.282422540747503614e+00
3.284438569764546401e+00
3.287946416330432609e+00
3.289120973191762332e+00
3.289296455482420445e+00
3.289733847237312769e+00
3.289883441713411738e+00
3.291307618972535209e+00
3.291524099291681438e+00
3.291630989289103137e+00
3.292650523702265630e+00
3.296751785848664795e+00
3.297408030093126108e+00
3.298601291184112494e+00
3.299871789084633189e+00
3.303112810895009854e+00
3.303502207669884339e+00
3.304654674955889160e+00
3.306368919082129043e+00
3.306532462319109467e+00
3.306597643987213786e+00
3.306622337410981771e+00
3.307002520790607747e+00
3.307450041954274500e+00
3.308021589229233506e+00
3.308690117383243035e+00
3.309203871929645491e+00
3.309917592114369977e+00
3.311234201991513526e+00
3.311573355334357149e+00
3.312975348167463530e+00
3.314133657799348764e+00
3.314332417043770906e+00
3.314392200021663903e+00
3.316571177329203479e+00
3.317242008400243414e+00
3.318582162028203442e+00
3.319080661039218061e+00
3.319131380282056565e+00
3.319749860646461492e+00
3.320664467956208288e+00
3.320768231703542295e+00
3.321094240323450464e+00
3.321556208979058677e+00
3.323422295944766347e+00
3.323512102924905509e+00
3.323646119247295250e+00
3.325250999437678878e+00
3.327250834012942526e+00
3.328824250501681625e+00
3.331036678317662592e+00
3.331070669028001419e+00
3.332042510753888021e+00
3.335938253792751773e+00
3.336140611955453750e+00
3.336951139571777247e+00
3.337897601482671561e+00
3.338129609763363703e+00
3.340831295714166149e+00
3.341720512276835198e+00
3.343858970945343678e+00
3.345134991747751307e+00
3.347449042832549182e+00
3.347749547348883414e+00
3.349510307814057786e+00
3.350909551529995145e+00
3.353173474550771971e+00
3.353602327210274403e+00
3.354971433606074083e+00
3.355437606855198762e+00
3.359173974822038389e+00
3.361879949800442358e+00
3.362737823105477641e+00
3.366001113435853842e+00
3.366224155027116360e+00
3.368952060008498783e+00
3.370934865360540655e+00
3.371097670418122583e+00
3.373633292257041116e+00
3.374579801342951768e+00
3.376508971679879068e+00
3.377095615993340516e+00
3.377716558567779526e+00
3.377932420717188577e+00
3.379435608221815102e+00
3.380039740102363410e+00
3.383850163702887492e+00
3.384436917029612690e+00
3.385777508818649029e+00
3.385858975705569929e+00
3.386703625520713246e+00
3.387713734785767095e+00
3.389393616131277653e+00
3.390748280512868362e+00
3.391830361274313255e+00
3.391894109553216907e+00
3.391949132528606636e+00
3.392640129536081517e+00
3.392813430860305512e+00
3.395121412650265125e+00
3.396880593266904391e+00
3.397167054219788707e+00
3.398017614197329284e+00
3.398356532458783441e+00
3.399887056275490593e+00
3.400127825844381668e+00
3.400806346471989094e+00
3.403185624361057648e+00
3.403426174601412058e+00
3.403448634964081787e+00
3.403799893860885106e+00
3.404885983427556884e+00
3.406616777138138819e+00
3.406804591320102382e+00
3.406965673577914799e+00
3.409675548784729227e+00
3.410011986644079673e+00
3.412913062701740330e+00
3.413804164611885295e+00
3.414010926351993547e+00
3.416136098262334553e+00
3.416602633225412688e+00
3.416753567138803405e+00
3.416816627567595965e+00
3.419413099677886869e+00
3.419594148229985198e+00
3.419762603998873107e+00
3.420435055836996696e+00
3.420646750750396592e+00
3.420849034484495288e+00
3.421897097746160021e+00
3.422161162806691248e+00
3.422832633534480085e+00
3.422876509000903678e+00
3.423683552197194668e+00
3.424553175428783014e+00
3.424566368183314502e+00
3.424880221310656392e+00
3.427812946815386397e+00
3.429754795894482289e+00
3.431359980466152759e+00
3.431400106924601623e+00
3.432203859776055133e+00
3.433535312841542897e+00
3.433848095193938299e+00
3.435234159207440907e+00
3.435836716588786199e+00
3.436889226307263456e+00
3.437157591885171115e+00
3.437573534868287872e+00
3.438040108322230282e+00
3.438766891892373501e+00
3.438847470839101916e+00
3.441315379518500084e+00
3.442416086488873095e+00
3.442978229978935545e+00
3.443996246288047569e+00
3.444835650582369180e+00
3.445605338580427723e+00
3.447052177215682356e+00
3.448234046859274482e+00
3.449111629715420069e+00
3.449337166985580350e+00
3.455824486086782166e+00
3.456294674460290484e+00
3.456649032152804502e+00
3.457774941837269189e+00
3.461000068288425879e+00
3.461665398971347951e+00
3.462015519888840931e+00
3.462581057790151018e+00
3.462939534706796163e+00
3.464575627853908824e+00
3.465635692122040812e+00
3.465685095310405917e+00
3.467008911250594405e+00
3.467442496632390458e+00
3.467896904192249163e+00
3.468810054037962054e+00
3.470087661164956927e+00
3.470603426984401718e+00
3.472640631019199731e+00
3.472966675615553278e+00
3.473310448568280862e+00
3.473596306289340241e+00
3.474117516747337486e+00
3.474531291714709536e+00
3.474698682965470908e+00
3.474856903749690140e+00
3.474865170434344286e+00
3.475233610890151592e+00
3.475469584807075574e+00
3.475745732236675156e+00
3.476155175935345287e+00
3.476316454177197368e+00
3.478087023086277263e+00
3.479509530669603112e+00
3.481109671974402797e+00
3.482179645659214451e+00
3.482964001842877799e+00
3.483053443515215619e+00
3.483465820147155778e+00
3.485552086635495428e+00
3.485970438188019660e+00
3.486639087669339165e+00
3.486640007003899644e+00
3.487300848789820940e+00
3.488000370122975813e+00
3.488193327982469949e+00
3.490156588840401142e+00
3.493419303098689532e+00
3.493479900398281046e+00
3.493576504525048421e+00
3.493636145178708574e+00
3.493775616674209328e+00
3.494055602946734673e+00
3.495565960690714125e+00
3.496006293755772987e+00
3.497539139102594064e+00
3.498092404314761872e+00
3.499379221895271730e+00
3.499549438332164808e+00
3.500436572477568120e+00
3.500593780591593873e+00
3.500765304768706176e+00
3.501017972045140869e+00
3.502207931316933198e+00
3.503438623071279512e+00
3.504160077314204091e+00
3.504170686253385014e+00
3.506306053042709259e+00
3.507996910500346122e+00
3.508795620833607742e+00
3.509232861104539580e+00
3.511126337188814617e+00
3.511285761674646455e+00
3.511485001606208911e+00
3.511929939779788512e+00
3.512100970256577970e+00
3.513201437559970497e+00
3.513608826151279452e+00
3.515393438141313887e+00
3.515852735922043504e+00
3.515987597263264597e+00
3.516280001119043153e+00
3.516714795394617177e+00
3.517449010997231618e+00
3.518105873667157990e+00
3.518960787082741515e+00
3.519240764680994449e+00
3.519493831813744311e+00
3.520633603378581888e+00
3.520872230009851833e+00
3.521092481965088616e+00
3.522180694986864147e+00
3.522460351239757870e+00
3.524441206881530508e+00
3.525479753032006780e+00
3.526122896870498291e+00
3.526586759528535175e+00
3.529330653656513661e+00
3.529469272721300843e+00
3.530215714921611792e+00
3.530929225623309797e+00
3.531548363127882340e+00
3.531655280108409567e+00
3.532175855288944621e+00
3.533362864402866954e+00
3.534165970166928794e+00
3.535059925340874543e+00
3.535811557596941768e+00
3.536858552406468625e+00
3.536891247688339845e+00
3.538031237337080359e+00
3.538039725756456200e+00
3.538654203726898650e+00
3.539130523853048604e+00
3.543469436325111133e+00
3.544389041120273642e+00
3.544976067314415058e+00
3.545132331912882684e+00
3.546322810452094743e+00
3.546537437067075249e+00
3.548123813322292541e+00
3.549404479474196350e+00
3.549757443793208456e+00
3.550126368461327342e+00
3.552025919911534935e+00
3.552860925528645186e+00
3.553344421891750038e+00
3.554072513826838087e+00
3.554262174408881592e+00
3.554937073174608830e+00
3.555190441463428108e+00
3.555272902601921636e+00
3.555638833689693801e+00
3.555730954131724353e+00
3.555752994779909582e+00
3.555791897371682442e+00
3.557148728293219264e+00
3.557190033881928226e+00
3.557732239093121418e+00
3.558452817876316843e+00
3.559645898798412311e+00
3.564742587219351222e+00
3.565223532819215002e+00
3.566517052885129768e+00
3.567480379258619383e+00
3.567541442001551655e+00
3.568314412935792657e+00
3.569418814727934208e+00
3.570142550464862730e+00
3.570523119592653227e+00
3.571098743183590329e+00
3.572795330210874365e+00
3.575103391639006478e+00
3.575754130350926374e+00
3.575807738145888592e+00
3.575910467808884441e+00
3.577997484590501376e+00
3.578381191809409057e+00
3.579128975518855338e+00
3.579715764115324994e+00
3.580214469936358945e+00
3.581817247507204538e+00
3.582913097839255379e+00
3.583498708444890379e+00
3.584121425916250381e+00
3.585682028622190209e+00
3.586744566502535481e+00
3.588192262828283408e+00
3.588718193767699738e+00
3.588921104595230283e+00
3.588947620500209990e+00
3.589017646922300298e+00
3.590117460909693747e+00
3.590694162257467958e+00
3.591876687715696459e+00
3.594181546062231725e+00
3.595765443007844731e+00
3.597309570106084653e+00
3.598346730499538904e+00
3.598534240538234563e+00
3.598705807009531465e+00
3.599691486300747201e+00
3.600506239953511045e+00
3.600919490564494563e+00
3.601402746986154035e+00
3.602249230122612556e+00
3.603480651051431227e+00
3.604280680958971583e+00
3.604830997767958678e+00
3.606226578800056259e+00
3.606331243887908489e+00
3.607378038887520955e+00
3.608789750762372517e+00
3.609013880235378835e+00
3.609216936833645750e+00
3.610992904516794777e+00
3.612543010351900286e+00
3.614973344384494247e+00
3.615662816317366524e+00
3.617352332598302578e+00
3.617853786070672761e+00
3.619432489396210428e+00
3.620019878490383647e+00
3.621555287244076382e+00
3.622404096716730582e+00
3.623296093054934275e+00
3.623552094718915484e+00
3.623684240361000342e+00
3.624225763896181451e+00
3.624472334068128188e+00
3.625454889669242231e+00
3.626096838616652107e+00
3.632614626778746025e+00
3.633349217987682511e+00
3.634003492612250863e+00
3.636254634777765560e+00
3.636687865898526439e+00
3.636825311008211159e+00
3.637598877427887789e+00
3.637858236561524183e+00
3.638291735181476305e+00
3.638432921088581740e+00
3.639180207573692538e+00
3.639255614472773459e+00
3.640520005450325947e+00
3.640884383786119560e+00
3.643447785330950595e+00
3.644123388841889355e+00
3.644881882424975128e+00
3.645428861436771140e+00
3.645771266045023218e+00
3.645846575494352315e+00
3.650530491851693426e+00
3.651491872251218851e+00
3.651558603417053295e+00
3.651882129076911454e+00
3.653767280697885145e+00
3.654955408137820161e+00
3.655167011359991225e+00
3.655269209793989393e+00
3.655582570764174477e+00
3.655584971974338959e+00
3.657620268828867705e+00
3.657655576606792192e+00
3.658322127455292172e+00
3.659014368299669417e+00
3.659762096422098043e+00
3.661152910410915506e+00
3.661982827576703681e+00
3.662854962261307801e+00
3.664670112924136358e+00
3.665272506920526752e+00
3.666262655914662716e+00
3.669633915717046779e+00
3.670094958870510293e+00
3.670503105032152824e+00
3.671749534655033287e+00
3.672914736196764007e+00
3.673652045928994525e+00
3.675281601770008955e+00
3.676264389764514195e+00
3.676820525124974814e+00
3.679138000633987549e+00
3.683902381268425952e+00
3.684382659992910369e+00
3.685254472846462903e+00
3.685949170161540334e+00
3.686475255509952476e+00
3.686941882335486032e+00
3.688096566019998246e+00
3.688495415296271673e+00
3.689038978947928538e+00
3.689239890753819306e+00
3.689485364112308652e+00
3.690170397905791155e+00
3.691516198635908186e+00
3.693590825994545135e+00
3.695969953261680985e+00
3.696019531774473954e+00
3.696567282897394779e+00
3.697822985557214892e+00
3.698968004506511420e+00
3.700085057649365794e+00
3.701788696547685831e+00
3.701892865558610524e+00
3.702153522022415988e+00
3.702497276024634409e+00
3.702967342427722741e+00
3.703076819030008959e+00
3.703548013250291593e+00
3.704584020584255732e+00
3.706133277944390070e+00
3.706728504703352911e+00
3.706782007686591385e+00
3.707680747182279912e+00
3.709546318676324450e+00
3.709930622090505281e+00
3.710228175593123456e+00
3.710479055058251596e+00
3.710619013950081868e+00
3.711043772284616793e+00
3.711394532578494942e+00
3.712846106709775551e+00
3.714594875784558159e+00
3.715982300168924279e+00
3.716769789922184763e+00
3.719625325118711689e+00
3.724238186461272360e+00
3.724496697828728831e+00
3.725232175879864105e+00
3.725965514500753528e+00
3.726690433169282279e+00
3.727708202102194779e+00
3.728424429268965667e+00
3.730131012520392808e+00
3.730207938342896767e+00
3.730825556072072224e+00
3.733859788148245595e+00
3.734153408510398897e+00
3.734776185954450156e+00
3.734810573148798607e+00
3.735794953353490211e+00
3.736144829583968985e+00
3.736960278538406843e+00
3.737436560845484035e+00
3.737453210900790967e+00
3.737473776299745420e+00
3.737751474097381177e+00
3.737772305432798703e+00
3.738957000496225369e+00
3.740922535962881934e+00
3.741478287342819176e+00
3.743187004854377165e+00
3.743431658495969039e+00
3.744365510614162673e+00
3.745266462013604691e+00
3.746814391852738346e+00
3.748298884761279925e+00
3.750979941245002003e+00
3.751234884488486632e+00
3.751536326878471606e+00
3.751754900639325374e+00
3.752109246050405744e+00
3.752343013490443635e+00
3.752469087093485811e+00
3.753179284340951050e+00
3.753412407503573966e+00
3.753430619668843171e+00
3.753722228132482019e+00
3.754652047670593795e+00
3.755392353340708311e+00
3.755512955539824560e+00
3.756930673956642153e+00
3.757713500288511366e+00
3.759080718339889771e+00
3.760677399791891418e+00
3.761846959568248216e+00
3.762786064279865617e+00
3.763103083251140735e+00
3.763951699479158197e+00
3.764279543992593791e+00
3.764865624520827847e+00
3.764885644903112727e+00
3.764969960168757179e+00
3.765296227342373125e+00
3.765486042317681914e+00
3.766034493509763603e+00
3.766622788220866269e+00
3.766860148707707800e+00
3.766880350895280394e+00
3.767689233878088739e+00
3.768551820426284671e+00
3.771816258405539468e+00
3.772730963711396157e+00
3.774847378845387791e+00
3.775378250403522262e+00
3.775468794795272753e+00
3.777737893720166440e+00
3.777800683013166072e+00
3.778918510832778743e+00
3.781998012362243866e+00
3.782234908444650934e+00
3.782403249631043796e+00
3.783296424509730027e+00
3.783620136348887275e+00
3.783839146694399691e+00
3.784012644157028760e+00
3.784450687995905671e+00
3.785721927538066467e+00
3.785798670864692461e+00
3.786369435425911867e+00
3.786855948010323658e+00
3.787519545774326701e+00
3.787593399127281657e+00
3.787850793880541911e+00
3.787993395003921737e+00
3.788147437639764803e+00
3.789557881217058721e+00
3.791571972903433174e+00
3.791859927397770669e+00
3.793086018434205897e+00
3.793915807880256619e+00
3.796273969062341269e+00
3.799929385879885491e+00
3.800196743383074338e+00
3.800444446686553679e+00
3.801282028784339406e+00
3.803338425981015902e+00
3.804629535702729992e+00
3.804812954515536916e+00
3.805270278118348948e+00
3.805305763537861541e+00
3.806448562515426293e+00
3.806921250946404989e+00
3.807302290402944767e+00
3.808265252441737303e+00
3.809328714387891335e+00
3.809879744833648996e+00
3.809890170424580891e+00
3.810014438491081901e+00
3.810086885760109343e+00
3.810444902614510188e+00
3.811070656242312449e+00
3.811362519780642444e+00
3.811483130044878376e+00
3.812271233833885109e+00
3.812423940347718254e+00
3.812501311540291038e+00
3.812631350479448678e+00
3.813648946874808932e+00
3.814158334441574816e+00
3.814667648956863832e+00
3.815789234635535987e+00
3.816499482924629483e+00
3.817376253737724934e+00
3.819360029197188755e+00
3.819565407516683386e+00
3.820956577711512203e+00
3.822036125474871149e+00
3.824015871462031146e+00
3.825073828662073350e+00
3.825917991572864718e+00
3.826319583889889575e+00
3.826569448818909258e+00
3.826690187111870145e+00
3.827451257127956197e+00
3.829635651541788643e+00
3.830364746811884658e+00
3.831329872073984788e+00
3.831529485335535945e+00
3.834075051165100056e+00
3.834667629760990071e+00
3.835219097042373182e+00
3.836829430478516212e+00
3.837157762699722419e+00
3.840576460330185071e+00
3.840591952141680920e+00
3.843069271905538375e+00
3.843560234125909858e+00
3.844181253392775943e+00
3.844816664245792825e+00
3.844860567436577448e+00
3.845058582360468158e+00
3.845360033591439741e+00
3.846886144535821117e+00
3.847263398756016528e+00
3.847833505713178059e+00
3.847859980943304503e+00
3.848522228058548489e+00
3.850052842905494987e+00
3.850055601381236592e+00
3.850917980106315142e+00
3.851639153703973584e+00
3.853067305527832609e+00
3.854924634874291822e+00
3.855526113678592992e+00
3.857913967111378906e+00
3.858330935480134283e+00
3.858621995826170714e+00
3.862363634444924365e+00
3.862601151753482398e+00
3.863416290607654791e+00
3.865456798431600394e+00
3.865751800630175428e+00
3.866025220132093487e+00
3.866404380181560629e+00
3.868441569435591809e+00
3.869017110732082543e+00
3.869057753536552902e+00
3.869853918049617203e+00
3.870952429460338351e+00
3.872501634879261800e+00
3.872587182355013979e+00
3.875336097747614339e+00
3.875781373616637104e+00
3.877811028692957240e+00
3.879881838803546312e+00
3.880034640474065100e+00
3.880099738083856664e+00
3.881387790002122085e+00
3.881540595029393970e+00
3.881694445525869508e+00
3.883365906784530974e+00
3.883768242253524239e+00
3.883877909940982587e+00
3.884277104525260427e+00
3.884587330860827414e+00
3.885017536008127603e+00
3.885718702429154181e+00
3.886567312555281983e+00
3.888147058421448143e+00
3.889428463826304139e+00
3.889692121013305304e+00
3.889952273933447113e+00
3.891117773077881647e+00
3.891840338323392601e+00
3.892091888933749022e+00
3.892359858226349889e+00
3.895074708709038713e+00
3.895198437451219853e+00
3.896297071774570853e+00
3.900071002386388930e+00
3.900368286365720749e+00
3.900519575552839679e+00
3.901479363656517041e+00
3.901562970476441183e+00
3.901751295177308343e+00
3.901874003917977340e+00
3.902633129015429247e+00
3.903676127070498048e+00
3.904860594190810996e+00
3.905611199641582765e+00
3.905893627410623736e+00
3.906290691825080152e+00
3.906509185900041370e+00
3.907187505688258344e+00
3.907227308939764221e+00
3.907805386664084946e+00
3.909024605034484345e+00
3.909277603453378713e+00
3.910538286156651555e+00
3.910805868568538735e+00
3.911834655984713027e+00
3.911993971735868936e+00
3.912916314737838963e+00
3.913313472807868010e+00
3.914009973196347136e+00
3.914067502376064489e+00
3.914085125729595660e+00
3.914235924249515719e+00
3.914653279509303196e+00
3.915219771828822193e+00
3.915708271884327907e+00
3.916432343915915659e+00
3.918402559149702480e+00
3.918952696187124385e+00
3.920423946950670757e+00
3.921703330998913550e+00
3.922281464471426560e+00
3.922542604967890423e+00
3.923636086215063212e+00
3.925308176378177194e+00
3.926344212785933596e+00
3.926350134420359073e+00
3.926389370756817598e+00
3.928104746035356865e+00
3.928203209047096411e+00
3.928919695688148472e+00
3.930994628331865304e+00
3.931288849623289394e+00
3.931437533765086645e+00
3.933256576133446369e+00
3.934011016557794171e+00
3.934406495700845330e+00
3.934479593038961109e+00
3.935619347455764139e+00
3.935696414527380949e+00
3.936113481143319603e+00
3.937087576061907956e+00
3.937513671309345487e+00
3.937628475584614929e+00
3.938143205902918886e+00
3.938311483721852468e+00
3.938793264535834560e+00
3.941954452283458643e+00
3.942257529287642726e+00
3.945282129872245136e+00
3.946298919025577501e+00
3.946546169341097698e+00
3.947223446483706155e+00
3.948649003062241647e+00
3.950492256239264588e+00
3.950496240219603550e+00
3.951305687030130631e+00
3.951430893807240885e+00
3.952723917316097069e+00
3.953073051020564499e+00
3.954388615386006833e+00
3.954704692733383542e+00
3.955665585292640340e+00
3.956847910706899007e+00
3.956875839473028567e+00
3.957055079952847887e+00
3.957282278796300456e+00
3.958814740794691645e+00
3.959000201459798696e+00
3.959524304958564667e+00
3.960283274806963849e+00
3.961416317030444834e+00
3.962141174471131233e+00
3.963293338749508177e+00
3.966158934533781988e+00
3.966495701010863240e+00
3.967461808603643725e+00
3.967799312903215192e+00
3.968241308006037915e+00
3.969419531781298804e+00
3.969526657380038959e+00
3.971326062657364986e+00
3.971721568685009807e+00
3.972294426705663462e+00
3.973357107150255807e+00
3.975630522951406398e+00
3.975682721483432491e+00
3.976278609070304171e+00
3.976461485421272535e+00
3.976498448435254129e+00
3.981384241668142199e+00
3.981713317912158434e+00
3.982054830865066286e+00
3.982443391633430974e+00
3.983494249228509698e+00
3.984412679436108551e+00
3.985452234659680126e+00
3.991185092670426204e+00
3.991580721905460205e+00
3.991818333365041660e+00
3.991866103591909187e+00
3.992010470675919187e+00
3.994201645687227575e+00
3.994250672700527360e+00
3.994524733456189747e+00
3.997718968094155834e+00
3.997736197236827493e+00
3.999064800573455258e+00
3.999739667073317850e+00
4.000104795653923517e+00
4.000248403992388901e+00
4.000250154988111539e+00
4.002424721886989722e+00
4.004035434779300573e+00
4.004671557172105878e+00
4.004855514763920432e+00
4.005491345724481178e+00
4.006497581433852595e+00
4.006731777330306166e+00
4.007123876912168647e+00
4.007502623898433924e+00
4.009651600462704302e+00
4.013269179954013666e+00
4.013916499585126196e+00
4.014199147655792999e+00
4.014314208062713440e+00
4.014630772594751207e+00
4.014788863311944844e+00
4.016503305613350783e+00
4.016676545689845668e+00
4.016799456108749666e+00
4.017290155324882761e+00
4.017618402033441782e+00
4.017944438829747611e+00
4.018968937648064177e+00
4.020514415395740393e+00
4.023132256466794843e+00
4.023948127420590382e+00
4.025724412956934728e+00
4.025781457169500754e+00
4.025841042764686684e+00
4.026062990117010187e+00
4.028707908443111663e+00
4.028716755883702483e+00
4.031338844645626196e+00
4.031496555670047499e+00
4.032031345582111292e+00
4.032604077051344937e+00
4.034505801105185974e+00
4.034747311326672303e+00
4.035428715857407589e+00
4.036686334180526359e+00
4.036962549642972853e+00
4.039822243854391814e+00
4.040194458305506053e+00
4.042174382223192808e+00
4.042301555212103992e+00
4.042966104936976279e+00
4.043050766111898398e+00
4.043604841947381345e+00
4.043997672433447654e+00
4.044257209918406204e+00
4.044720684341410966e+00
4.045316079525719033e+00
4.046473910808278340e+00
4.049078375491876436e+00
4.049146621974788474e+00
4.050071546376408094e+00
4.050688342870427228e+00
4.050986753092925774e+00
4.053467310784368394e+00
4.055119574330801946e+00
4.057173602705197446e+00
4.057598298081021682e+00
4.058756217310673264e+00
4.060176562133803735e+00
4.061919052916772799e+00
4.065401166675575162e+00
4.067724732327631543e+00
4.067860536506268332e+00
4.068616411753002815e+00
4.071605774605346895e+00
4.071860671791682762e+00
4.072800638933649076e+00
4.074592167045169688e+00
4.075822436529095150e+00
4.076364647950873277e+00
4.076395558516511031e+00
4.079735909667958182e+00
4.081817125992646567e+00
4.082171560085885886e+00
4.082947538716045877e+00
4.083193185358958033e+00
4.083381610408998164e+00
4.084648576327477798e+00
4.085186326836618420e+00
4.088537524905195397e+00
4.089377185607600218e+00
4.090491337359671853e+00
4.090735466672873244e+00
4.091602870003525183e+00
4.092439629725945771e+00
4.094718029411150262e+00
4.095458689377381667e+00
4.095753448723232104e+00
4.096624491948479552e+00
4.098044850479246826e+00
4.101213052506655465e+00
4.102342477584020486e+00
4.104975006237991941e+00
4.106392911768570464e+00
4.107632071190038481e+00
4.108002203320078927e+00
4.108089304179257439e+00
4.110238115555480576e+00
4.111711269377482658e+00
4.111804558156507028e+00
4.112673563569299695e+00
4.113079117234351934e+00
4.114733451299593447e+00
4.115653885043482951e+00
4.115965517800108664e+00
4.116358477481196765e+00
4.116564250747503984e+00
4.117997039418789917e+00
4.118417295986970927e+00
4.118436245670866747e+00
4.118997563833827869e+00
4.119159063896709938e+00
4.119715285346995159e+00
4.121113630599908539e+00
4.121360752008422779e+00
4.121741156651230753e+00
4.122891996348558408e+00
4.125827816984018348e+00
4.126348414752247784e+00
4.126485590769354062e+00
4.127581404948065469e+00
4.129767889480720378e+00
4.129884010072798262e+00
4.131467074569461495e+00
4.133545071049517183e+00
4.134371945181721131e+00
4.134688225047321808e+00
4.135063212315035486e+00
4.135404899913291743e+00
4.135881996644533487e+00
4.137167406985076568e+00
4.137431222904914385e+00
4.137668666384431759e+00
4.138806561321692001e+00
4.139628360791189898e+00
4.140417559189499386e+00
4.140716610902877903e+00
4.142264251024987409e+00
4.144424095702065713e+00
4.145191365224744295e+00
4.146913946326345801e+00
4.146946565787442474e+00
4.149727141308832579e+00
4.150547407720626580e+00
4.151000427386404290e+00
4.151043345470195156e+00
4.152522125945636411e+00
4.152983659747219392e+00
4.153314285868666467e+00
4.153578907429500866e+00
4.154747612340135454e+00
4.156483044904541124e+00
4.156960992333558202e+00
4.160001934522338018e+00
4.160477668578116628e+00
4.161506804902490586e+00
4.162789931304843094e+00
4.163153029339182964e+00
4.164961961603451890e+00
4.166871277464371026e+00
4.167043818294589919e+00
4.167901911172363860e+00
4.168432493606955447e+00
4.170507607009697360e+00
4.171899392318919375e+00
4.172143516666967145e+00
4.173772333267362633e+00
4.176914801440498870e+00
4.176945930126041873e+00
4.176972389722641843e+00
4.178969330589517028e+00
4.180031440629718986e+00
4.181447575171984177e+00
4.182198207038656967e+00
4.182348188367037700e+00
4.183386816738630110e+00
4.183389872095820472e+00
4.185789515327318355e+00
4.186270811050819773e+00
4.187092047764257252e+00
4.188181245907229844e+00
4.188934335760832184e+00
4.190362232592206304e+00
4.191614159059365186e+00
4.191843725940405108e+00
4.194250052631060655e+00
4.194822287714835340e+00
4.196959383060058002e+00
4.197641972542246691e+00
4.198185510615995319e+00
4.198421805862101230e+00
4.198915909772444444e+00
4.199490820433270599e+00
4.200310851653241251e+00
4.201470475507226077e+00
4.206164157216862876e+00
4.207057405028827191e+00
4.207257157304826301e+00
4.207959235759409999e+00
4.209601699898669835e+00
4.210876729045533118e+00
4.213320252164509228e+00
4.213333124174109656e+00
4.213921189666455902e+00
4.214060142087218352e+00
4.214311689803927230e+00
4.215214614977467633e+00
4.216483916751224470e+00
4.216629606017837872e+00
4.219032868342934783e+00
4.219595948053737722e+00
4.220066037380278523e+00
4.220637557478121415e+00
4.221458957404131240e+00
4.222191694227623415e+00
4.222515693762121991e+00
4.223809379956048993e+00
4.224483259304208538e+00
4.224671591752148458e+00
4.224991943505957970e+00
4.225445693457219321e+00
4.226374017970903729e+00
4.226962983618500758e+00
4.227066461925125473e+00
4.230919689182220722e+00
4.232033502797554192e+00
4.233072265303603920e+00
4.234900526453780678e+00
4.235380689922042308e+00
4.237008400278386766e+00
4.238159231835663121e+00
4.239592079013633885e+00
4.240725574784731222e+00
4.240909295572946824e+00
4.241434322542986912e+00
4.241869120589482733e+00
4.244632112778736754e+00
4.245815974006227123e+00
4.246696502800492823e+00
4.246794047671185623e+00
4.246895022364893357e+00
4.248430690201070448e+00
4.248667313868597972e+00
4.249693730706145978e+00
4.251111443230715992e+00
4.251268673543584953e+00
4.251713196712200826e+00
4.253998981329583984e+00
4.254145646835384653e+00
4.254423164443446481e+00
4.261603981538941710e+00
4.263639445938427031e+00
4.266212254048115327e+00
4.266795816314669310e+00
4.268633250096582898e+00
4.269936303240279507e+00
4.273409523960221890e+00
4.273574344769855315e+00
4.274943772390100705e+00
4.276441967502028874e+00
4.276703389339952643e+00
4.277130887551803262e+00
4.277882301029625189e+00
4.279508059686891741e+00
4.285685843664501782e+00
4.289566494638743066e+00
4.292879856861225640e+00
4.294407866368685767e+00
4.294529700879038181e+00
4.294648902596590823e+00
4.294813976322143567e+00
4.299225642675884806e+00
4.299804290397980289e+00
4.300992143998175976e+00
4.302640385728316197e+00
4.303745143141315843e+00
4.304372195276261692e+00
4.307545846414413404e+00
4.308567383695762310e+00
4.310433818337693346e+00
4.312870862002838201e+00
4.313492079986462890e+00
4.314341611621410166e+00
4.317903226131397432e+00
4.323121098437159304e+00
4.324335916631842025e+00
4.325824444097848165e+00
4.326079008809124105e+00
4.327767821133431170e+00
4.327822924243169389e+00
4.330196303352659370e+00
4.330579035382261743e+00
4.330640595506629609e+00
4.331017467996290726e+00
4.331586009767768530e+00
4.332182188129384492e+00
4.336683065084522504e+00
4.338164576404961004e+00
4.338459346811957218e+00
4.343903304792526399e+00
4.343937871117382166e+00
4.348111591601899306e+00
4.348292791380506728e+00
4.348677256918070277e+00
4.348740489055755276e+00
4.349016549024086409e+00
4.349705564257233981e+00
4.353660633612117081e+00
4.354771101999001637e+00
4.355536887336926455e+00
4.356148491251859767e+00
4.359362621933643211e+00
4.360118242586646709e+00
4.364129372065900014e+00
4.364240747271130871e+00
4.365203351224721473e+00
4.365818008577031506e+00
4.366023477015812837e+00
4.366079105629350643e+00
4.367179372588140041e+00
4.368955385832660632e+00
4.369230155786198111e+00
4.371216704218502613e+00
4.371688362553817875e+00
4.374051972762326379e+00
4.374875500216857560e+00
4.376860879000691540e+00
4.377034956842468461e+00
4.378909624969527847e+00
4.380431236274799467e+00
4.381751418240264151e+00
4.383869317590129100e+00
4.384054342015196504e+00
4.384351805006112990e+00
4.385292141312658210e+00
4.385849408363486468e+00
4.389949784414829637e+00
4.393061620599610251e+00
4.393492906059143444e+00
4.393763109285202084e+00
4.393816717771534819e+00
4.394572445236970104e+00
4.394701067426554530e+00
4.395686256446614593e+00
4.400416111858111101e+00
4.402016505136588265e+00
4.403390848547054759e+00
4.409933563372387511e+00
4.410249590545174847e+00
4.412379605643966585e+00
4.414182085643981956e+00
4.414664591243296243e+00
4.415830316586537130e+00
4.415896470131627893e+00
4.418151528350684032e+00
4.419089155847796491e+00
4.420931140980892238e+00
4.423305607583927213e+00
4.424397809915038948e+00
4.424443931520085194e+00
4.434228752427941345e+00
4.435391224609380956e+00
4.437143739604941572e+00
4.437384389102463800e+00
4.437819005532253946e+00
4.440608833068346861e+00
4.441583047820431673e+00
4.443495676853480347e+00
4.443784851887272680e+00
4.444129245086319457e+00
4.444247851128052318e+00
4.445196619014471828e+00
4.445573150538258744e+00
4.445889667949279200e+00
4.447465232180579875e+00
4.448415214629112491e+00
4.448657326405983881e+00
4.454594865195558029e+00
4.457058845086556254e+00
4.458972651276032373e+00
4.459205235621738872e+00
4.459943158301114430e+00
4.460718671836676030e+00
4.461640818812191434e+00
4.461748894138035659e+00
4.462728967220046528e+00
4.463713545140922889e+00
4.465017649763890262e+00
4.465828621590762992e+00
4.465944056023254838e+00
4.467134563746197884e+00
4.471999307859277906e+00
4.474500018640991783e+00
4.477318404367376381e+00
4.480344253455444736e+00
4.482028573366588553e+00
4.483750813134138369e+00
4.484231124253425627e+00
4.488178093484903819e+00
