5.226440579916566520e+00
5.231755779426240593e+00
5.238765808618524034e+00
5.246383693155724615e+00
5.248039485161120510e+00
5.261341862256890600e+00
5.261672812928201104e+00
5.270166301726903590e+00
5.277000093804777414e+00
5.289154077349680350e+00
5.310360213058564760e+00
5.310976934666076232e+00
5.315833487082732844e+00
5.318497103937737336e+00
5.332991061619169137e+00
5.341866451327013543e+00
5.351343951769763407e+00
5.353335005585620365e+00
5.359536916982992061e+00
5.365293200564953402e+00
5.373411952813240688e+00
5.380194384188846435e+00
5.384184096106640283e+00
5.399546907466941548e+00
5.400076670714157423e+00
5.401859257552471760e+00
5.404396901592472879e+00
5.406774781453597356e+00
5.407415790097947372e+00
5.413453767026424224e+00
5.418532767748910572e+00
5.421275950504372609e+00
5.424878753662163433e+00
5.434559677456591409e+00
5.437175116482716675e+00
5.449993028318801613e+00
5.452589547406411441e+00
5.452856569332360515e+00
5.473452499513282277e+00
5.475345792186693039e+00
5.480633088328776381e+00
5.489278303603152054e+00
5.490358446822352079e+00
5.504090468829026861e+00
5.509086743220989568e+00
5.515295161816547775e+00
5.516752818835901628e+00
5.516838829118098531e+00
5.517363272320895184e+00
5.519124943221016544e+00
5.520151738081229276e+00
5.523012125550508244e+00
5.536132894331739607e+00
5.542570825021720715e+00
5.543284774488550504e+00
5.544383368103288134e+00
5.544547019586167025e+00
5.545444381144527313e+00
5.556423252429183890e+00
5.564721175342550730e+00
5.571682604915824122e+00
5.614071208470802432e+00
5.616465553446977843e+00
5.621035487829681543e+00
5.624811121634403221e+00
5.626803770228383961e+00
5.627863744830965409e+00
5.632486889639587879e+00
5.632882611879617585e+00
5.642761866767602719e+00
5.643164658973146786e+00
5.644418850391446085e+00
5.646953835881594941e+00
5.660556261885266949e+00
5.665090793575982886e+00
5.682549575388252450e+00
5.687523590218338754e+00
5.691364058915189261e+00
5.693347512768169416e+00
5.696405861050996222e+00
5.698101176044461091e+00
5.699799569533623433e+00
5.703762821008807826e+00
5.706027328172058155e+00
5.711618028642176270e+00
5.712569841808960547e+00
5.715115188096167032e+00
5.718518080884765098e+00
5.719533407611701925e+00
5.720717589635825995e+00
5.720987035466960080e+00
5.721950245683878222e+00
5.732374845577317579e+00
5.738519613097188277e+00
5.740142055715065972e+00
5.742429051098194570e+00
5.746245498741712865e+00
5.748398072014833993e+00
5.748888938341895738e+00
5.749508562833512748e+00
5.750748901310466010e+00
5.754433997172337278e+00
5.761491135902518046e+00
5.762415210741248295e+00
5.763493865803082983e+00
5.766392487200820760e+00
5.767148037977108288e+00
5.775583545081432568e+00
5.776189747306849753e+00
5.780553338664277341e+00
5.785215772133473600e+00
5.788154118391592995e+00
5.791512222451484782e+00
5.792946662136663427e+00
5.797352684082833996e+00
5.798380071138010905e+00
5.798669985633162938e+00
5.804400889076542391e+00
5.804467527296711005e+00
5.805795920175737201e+00
5.809479012501214790e+00
5.818474532569943847e+00
5.818991824396843704e+00
5.822628507782523499e+00
5.824817873719968730e+00
5.842531435056189437e+00
5.843464140883315672e+00
5.851625458858250362e+00
5.851788519694270718e+00
5.854525606419838546e+00
5.863797571890926541e+00
5.864789504070600401e+00
5.865158586775184979e+00
5.868238891446218908e+00
5.869504427497769683e+00
5.880619908354535852e+00
5.881866911479225912e+00
5.882422950910534354e+00
5.883214716238360786e+00
5.883947320467565412e+00
5.887824824957953673e+00
5.887837686560227546e+00
5.892386842794647528e+00
5.918406787436547134e+00
5.920062689985902793e+00
5.925902831241641522e+00
5.927252265909400464e+00
5.927775816546081877e+00
5.928712659811699481e+00
5.929884279379430190e+00
5.931277464535067878e+00
5.932471662322466699e+00
5.933286957845030685e+00
5.938755174912133228e+00
5.938950858908076391e+00
5.939367232930610641e+00
5.941159474332335932e+00
5.944745292735761133e+00
5.944763576056628196e+00
5.950031830820538659e+00
5.958908778564669717e+00
5.966458415112989577e+00
5.966944482495831537e+00
5.972870105196637525e+00
5.976190433940629099e+00
5.978558375389100732e+00
5.981779446154358304e+00
5.987166266682724114e+00
5.988142002015186982e+00
5.996458457862873459e+00
6.002674226891878462e+00
6.010797727920665245e+00
6.012785062341414744e+00
6.015687178535656265e+00
6.023045691071031271e+00
6.024678158551546758e+00
6.027551930565719474e+00
6.031824070768088575e+00
6.037524623869248153e+00
6.039358505069983174e+00
6.042290859551845195e+00
6.044961218028658934e+00
6.047536804911328723e+00
6.051609900271905929e+00
6.052935578795390015e+00
6.054715827112601367e+00
6.057488960132004330e+00
6.057543813042467917e+00
6.057945403514066740e+00
6.058923388814933197e+00
6.068827708994625425e+00
6.072242672463644020e+00
6.076237076721625385e+00
6.078138483902251643e+00
6.079945065545941496e+00
6.082559675875174321e+00
6.096136560362054979e+00
6.104134709562627492e+00
6.104916487814413983e+00
6.105847735002081222e+00
6.111042568741132719e+00
6.111761657869823061e+00
6.113468465699433807e+00
6.114545805166601511e+00
6.115420145629115289e+00
6.120036832965864981e+00
6.121965623231173659e+00
6.124448246854754530e+00
6.125767046788903158e+00
6.132442384736772389e+00
6.132969501091051434e+00
6.134979597335394885e+00
6.136029143315349543e+00
6.137559848033647292e+00
6.140084194752254199e+00
6.146596038685591346e+00
6.148050037402682300e+00
6.149375635975598442e+00
6.154225861468045622e+00
6.157220389293860840e+00
6.161583677367910461e+00
6.161941434924468552e+00
6.166410718904659305e+00
6.171869414901842710e+00
6.172164241240304605e+00
6.174684840063386027e+00
6.176205091209493681e+00
6.177739493318103570e+00
6.180270796931052857e+00
6.180774446012715195e+00
6.181124842788309870e+00
6.193569640165023316e+00
6.196176211834693248e+00
6.198495273353436197e+00
6.209053985324893610e+00
6.209454595487843065e+00
6.215037234027621871e+00
6.217290304596211570e+00
6.223207060024821935e+00
6.224646672048987917e+00
6.227503444785220665e+00
6.228691454523294091e+00
6.231264885585305890e+00
6.232841959216666616e+00
6.234828639180326704e+00
6.242491881336841963e+00
6.242845319999315024e+00
6.250632257216495624e+00
6.263182693743438278e+00
6.263362989994905483e+00
6.268228946333412210e+00
6.270176730363067996e+00
6.272698992154901454e+00
6.275674563425133634e+00
6.276095364808491617e+00
6.277003283656758192e+00
6.279519153863627245e+00
6.282698504662683980e+00
6.284609119104241692e+00
6.289812048291814506e+00
6.290096738179800084e+00
6.295368047838200809e+00
6.295874783053224455e+00
6.296199205198306004e+00
6.296328072704770129e+00
6.298537920611173568e+00
6.299543565734414763e+00
6.300020288912804745e+00
6.300066854234163571e+00
6.300641548462852626e+00
6.304397675248112343e+00
6.305218552734465298e+00
6.309337372473850181e+00
6.311895274966706104e+00
6.312651897181858374e+00
6.316806724714952637e+00
6.317336566195315584e+00
6.321606606737690370e+00
6.323309601373401811e+00
6.325329800057444274e+00
6.326649729849894932e+00
6.326815226991126195e+00
6.329277469687089486e+00
6.333755289053656590e+00
6.336799846045033213e+00
6.346795768539774230e+00
6.346990868078154158e+00
6.356066473483749313e+00
6.356235336183286400e+00
6.364879039149921702e+00
6.366966429366325286e+00
6.371652222386002151e+00
6.373703980612840603e+00
6.374944415761058636e+00
6.376101508152967057e+00
6.379949137946057114e+00
6.383807967342097989e+00
6.384071501055938569e+00
6.387555348891852169e+00
6.397107112722237865e+00
6.401218888911316185e+00
6.405628534358558390e+00
6.408829108654264139e+00
6.411627277209410281e+00
6.413535639395151478e+00
6.413609744144824987e+00
6.416396608036113669e+00
6.420170800378446785e+00
6.421210054977851023e+00
6.426067881026575890e+00
6.429757072339873147e+00
6.430094370039670437e+00
6.431768319625800423e+00
6.438326626694832910e+00
6.438892291489603181e+00
6.450034060693147886e+00
6.451517625774275899e+00
6.454367724169288500e+00
6.455154191249778961e+00
6.458216352375338865e+00
6.458278418497111595e+00
6.459386107250536746e+00
6.459482565194998749e+00
6.460295736397424271e+00
6.461748039650293762e+00
6.462641837932375566e+00
6.463190901192825244e+00
6.466554032406538255e+00
6.470244875195455769e+00
6.473883538695484496e+00
6.474578559094227082e+00
6.479295758427211283e+00
6.484750396315114962e+00
6.484869068815449111e+00
6.485797201851080551e+00
6.485869541908965807e+00
6.485965788817539490e+00
6.489331896695315294e+00
6.490067856273811664e+00
6.491674825552950168e+00
6.494441490159067243e+00
6.495216238082809568e+00
6.497299874873997183e+00
6.500648656034579531e+00
6.502451975884557811e+00
6.502718776766556630e+00
6.503009309588504649e+00
6.504394646390227130e+00
6.506022823767509955e+00
6.508013662828863843e+00
6.508318573919297911e+00
6.510331377498910221e+00
6.517463682164412297e+00
6.518097949593402163e+00
6.520514971784063363e+00
6.522513541067073817e+00
6.523083171920358581e+00
6.523644561631536831e+00
6.526068544503287328e+00
6.528469108805528442e+00
6.530126210140949183e+00
6.530309257800566591e+00
6.532255607927753616e+00
6.533145090138376077e+00
6.535519524353245124e+00
6.537443510105088507e+00
6.538448220455616244e+00
6.539918603674226283e+00
6.547883595497117071e+00
6.553340764046462930e+00
6.553954382325387407e+00
6.555110156047535774e+00
6.567264203967412506e+00
6.567394924306396042e+00
6.568325444255289192e+00
6.568636491913417252e+00
6.568913648923365933e+00
6.571417120519493338e+00
6.572442484078312219e+00
6.574823378220035153e+00
6.575409068326789175e+00
6.576844284567612497e+00
6.578649988179076757e+00
6.581952922857877475e+00
6.584261926316455238e+00
6.592713623586267779e+00
6.593129425917581443e+00
6.597174130593908892e+00
6.597867728592156311e+00
6.598328483591425098e+00
6.604419845018681734e+00
6.606177392955233429e+00
6.609239113780830621e+00
6.610000535448787851e+00
6.614156525300013634e+00
6.616614466389184379e+00
6.617223259908691979e+00
6.617393714172232322e+00
6.618747021132970865e+00
6.626851322043762593e+00
6.627767357958957994e+00
6.628426009670032037e+00
6.631986928145217952e+00
6.632966449844722945e+00
6.635438494577553747e+00
6.635971919862388546e+00
6.636644660046457922e+00
6.641051029347564416e+00
6.642190055124161496e+00
6.642193994900575049e+00
6.643753669276818208e+00
6.644283360507683867e+00
6.648906801011102097e+00
6.650724604973487608e+00
6.652185456188063561e+00
6.653200196072488026e+00
6.655790122370992989e+00
6.663507695119577967e+00
6.665534430437594970e+00
6.669333104860038830e+00
6.671125129735315795e+00
6.671227719337545992e+00
6.675038409183805754e+00
6.676531989443180493e+00
6.676856639666469917e+00
6.677288579429092152e+00
6.678354960966553122e+00
6.686799535461465993e+00
6.689380485267760079e+00
6.691433897589426749e+00
6.692590402459985377e+00
6.694407700463732347e+00
6.694660025720209795e+00
6.698863281938355563e+00
6.700149441934062366e+00
6.700256196982479651e+00
6.700871653388897009e+00
6.701920962417963423e+00
6.704207746530774337e+00
6.711042087221368746e+00
6.716870570937751417e+00
6.719794904607808483e+00
6.720287315803576966e+00
6.720382972596648408e+00
6.722203184879659510e+00
6.724826240229308638e+00
6.727450499087652247e+00
6.734390064655396024e+00
6.734988398663420028e+00
6.741420119241584352e+00
6.741603190048249594e+00
6.744934595545633016e+00
6.745206380659626078e+00
6.747451155312316651e+00
6.751106308013523183e+00
6.761326283335418630e+00
6.762226653952328803e+00
6.763743049542273233e+00
6.764676366935004737e+00
6.764927813124948841e+00
6.765177541683495832e+00
6.766280566004982511e+00
6.769540532149912693e+00
6.773677591205416348e+00
6.773901529658583165e+00
6.774192963693605130e+00
6.774867071522548301e+00
6.777164873038283410e+00
6.777939033480692821e+00
6.778808857868109605e+00
6.781459569241049756e+00
6.786023377402716328e+00
6.786170968228308453e+00
6.788134901264901266e+00
6.789438858354762907e+00
6.790286366175634747e+00
6.791093712569248098e+00
6.792717340142965909e+00
6.794796707430960758e+00
6.796545588373590796e+00
6.805439460127916007e+00
6.807344082249519701e+00
6.807586436652456996e+00
6.816644070795891963e+00
6.817371266096974303e+00
6.818639244214334205e+00
6.831368536009572168e+00
6.833511485975506616e+00
6.836067825547453403e+00
6.838059111207675400e+00
6.843105812109104846e+00
6.846152968836509700e+00
6.847726431659998170e+00
6.849745083095135634e+00
6.852835022670396015e+00
6.854496131649052693e+00
6.868466556887836028e+00
6.871893169039888782e+00
6.879120228022058470e+00
6.882994557349037201e+00
6.885708139079093293e+00
6.886180637704413243e+00
6.891114269685481908e+00
6.891253136737580220e+00
6.891913465829075491e+00
6.897128595379962590e+00
6.902463871356259162e+00
6.905635253209789326e+00
6.906444652816245977e+00
6.908354596569628470e+00
6.909592872403107933e+00
6.912898600118616343e+00
6.915132220965278798e+00
6.919366115970417397e+00
6.925526086465625397e+00
6.932903737042411585e+00
6.933738399475562808e+00
6.934256146574076851e+00
6.937990565580870239e+00
6.939468485491456562e+00
6.939723163345692392e+00
6.941698411041672401e+00
6.942429129283488543e+00
6.944846726122540836e+00
6.950352486515082973e+00
6.952557444967284894e+00
6.952726043697506242e+00
6.956396253634689941e+00
6.957790411400478270e+00
6.960204071282240612e+00
6.965005850401145615e+00
6.969343276221141359e+00
6.969461267146187744e+00
6.977047015487524817e+00
6.978862079262366791e+00
6.980654124364701119e+00
6.981450917895618780e+00
6.983680981950474376e+00
6.984963428320681622e+00
6.993581866345335740e+00
6.997956462939758815e+00
6.999254194746029611e+00
7.007786939089715617e+00
7.011344793448905932e+00
7.014943020613318758e+00
7.018440607926188513e+00
7.018841717193028629e+00
7.020708748583622594e+00
7.022132114370275069e+00
7.024866386945189056e+00
7.025787118586021229e+00
7.025790929117506245e+00
7.029501967356631909e+00
7.037184498912600006e+00
7.038099074699671220e+00
7.044438962771923052e+00
7.050258279287785257e+00
7.051966458804554527e+00
7.052268667337841634e+00
7.052403135131644518e+00
7.053211078447420235e+00
7.054030677028823249e+00
7.058548396099638467e+00
7.060265561768040321e+00
7.063779824345967739e+00
7.064872265333884904e+00
7.066080535787515160e+00
7.066309775509930446e+00
7.068435516742080260e+00
7.072039555016744750e+00
7.073066610653607533e+00
7.073758662460562618e+00
7.075934272338866293e+00
7.078843971444103822e+00
7.079060825288676639e+00
7.080829622616040098e+00
7.084569470133629920e+00
7.086108204587581838e+00
7.086212557201299944e+00
7.086860857572700567e+00
7.086931698734252549e+00
7.086981804330452661e+00
7.092010065896690030e+00
7.093891798375429936e+00
7.094891626388392325e+00
7.102130872908351655e+00
7.103754422511472377e+00
7.108252097074063691e+00
7.111029427032037553e+00
7.111336336205578590e+00
7.118092096632281596e+00
7.118350508633741747e+00
7.122873336419097257e+00
7.123071078994126282e+00
7.123397471469144371e+00
7.124546805278550998e+00
7.129120804323007654e+00
7.133298233146970091e+00
7.135363595955992011e+00
7.145581309553167060e+00
7.146350850736537197e+00
7.154623853684891621e+00
7.156882695068635059e+00
7.159185186665790290e+00
7.160558069242088486e+00
7.171632932743708722e+00
7.173480275563656861e+00
7.195086686426213518e+00
7.202711085295415927e+00
7.206922697442332826e+00
7.207261458046798630e+00
7.211008954850342434e+00
7.212446001378283178e+00
7.214886757702644537e+00
7.222795051879878692e+00
7.223656004510382367e+00
7.224593711374102334e+00
7.225603733845159304e+00
7.227805555150415451e+00
7.229407517797440619e+00
7.230301770341371004e+00
7.233706867203182789e+00
7.235207027318578454e+00
7.238431976989825323e+00
7.242407603388865134e+00
7.244280521079885737e+00
7.245403615579192547e+00
7.247382794503418602e+00
7.259270301140641202e+00
7.265446538440164304e+00
7.268046397338631337e+00
7.271805342114841864e+00
7.272245657717639311e+00
7.280717184664371011e+00
7.286357978250640244e+00
7.290368460165566056e+00
7.291107268846364953e+00
7.292909320360601022e+00
7.299377769142584960e+00
7.300607053834439419e+00
7.300834713290954348e+00
7.300880143619903784e+00
7.301589698142953999e+00
7.302458652344097523e+00
7.311914866977367033e+00
7.312807164272450144e+00
7.315532117725478400e+00
7.316740073149875734e+00
7.318492280418394280e+00
7.318544191244145125e+00
7.321182696912738486e+00
7.324094308272126597e+00
7.325026103115670928e+00
7.328230144295059034e+00
7.329190265579714314e+00
7.330245533105466116e+00
7.330994096623466127e+00
7.331808883556960588e+00
7.337044945725967438e+00
7.342952731358696639e+00
7.343574289857638604e+00
7.345319584394840895e+00
7.346733822089933419e+00
7.347587270296665807e+00
7.352092045118478580e+00
7.361915194131749551e+00
7.365667234291205290e+00
7.365679179207409000e+00
7.367589027852000427e+00
7.369351401082539610e+00
7.373197042166455439e+00
7.373424905714204947e+00
7.375217699125854232e+00
7.375402960804538388e+00
7.377222531440909670e+00
7.380354178067784154e+00
7.382127981494127411e+00
7.388523878800376643e+00
7.391231555658293040e+00
7.395467165043844382e+00
7.396164652442446474e+00
7.399460450974188142e+00
7.400535745598577186e+00
7.404519755232436218e+00
7.404690458056392366e+00
7.411234542675074088e+00
7.413088470415456932e+00
7.413946496697167987e+00
7.414426617959579247e+00
7.415129278001769464e+00
7.416267818967739345e+00
7.416324433344753331e+00
7.417532391720613738e+00
7.418001420109219701e+00
7.423133437877312168e+00
7.428704947841231920e+00
7.432398404095445166e+00
7.433626607075018988e+00
7.433683428211023347e+00
7.436180897223627184e+00
7.438017742534273502e+00
7.439459434862894405e+00
7.442343313891329082e+00
7.442817275499724161e+00
7.442841205378880609e+00
7.444723910777132581e+00
7.448219830132250863e+00
7.448957407661753294e+00
7.455274170052658356e+00
7.455684473339657004e+00
7.457233685881621277e+00
7.463949578324020173e+00
7.468301429015046899e+00
7.472160682832643452e+00
7.473147890762709800e+00
7.480271220395368736e+00
7.499434501232565609e+00
7.500152327430400057e+00
7.501340958837962702e+00
7.503535434714873276e+00
7.507975463826738860e+00
7.510117869196697882e+00
7.511749975079321295e+00
7.516304893898521300e+00
7.519791502903869329e+00
7.523960315827517675e+00
7.527488741661698235e+00
7.529905034983281453e+00
7.530362894009926755e+00
7.530836744062434640e+00
7.531155896955766593e+00
7.533408117439666540e+00
7.537047053177956535e+00
7.544800758686268871e+00
7.550597352202128576e+00
7.551298257897888000e+00
7.551628453865724566e+00
7.552848159039671216e+00
7.557272461009134190e+00
7.558755419749271454e+00
7.560005159726548740e+00
7.564137296331016280e+00
7.565187351854426367e+00
7.570145335737021419e+00
7.575955395475344467e+00
7.576373383754978263e+00
7.579269006274831355e+00
7.582169481373337128e+00
7.585949032402366399e+00
7.600165823758532113e+00
7.602205949241729321e+00
7.609608913344100500e+00
7.609816677973062049e+00
7.614794286958519898e+00
7.615361834555860909e+00
7.616387886363369830e+00
7.618768757814029513e+00
7.627230605850006562e+00
7.628884443062805332e+00
7.635575773532997879e+00
7.638481535296649305e+00
7.638782019033047099e+00
7.640063644149768685e+00
7.640275132771855660e+00
7.641780346539486679e+00
7.642431582913387977e+00
7.645172087612692735e+00
7.648601981242889813e+00
7.650925796979060500e+00
7.651579965790046955e+00
7.657061804397901739e+00
7.658202110305046162e+00
7.661420010992198826e+00
7.663003560161104843e+00
7.663743712617823611e+00
7.665754284026618848e+00
7.666501793605529969e+00
7.672138593371527371e+00
7.672373089040936733e+00
7.673520835874223067e+00
7.677520015113808327e+00
7.685520372662512756e+00
7.689971812408734841e+00
7.690268556839686909e+00
7.692428697465559573e+00
7.694828003017020635e+00
7.695292903456150135e+00
7.695424777620426759e+00
7.696413974893301813e+00
7.696538077267288003e+00
7.699782329662246738e+00
7.703465009046419176e+00
7.707233245895794838e+00
7.708300317930398826e+00
7.710291255437950575e+00
7.717635664917098737e+00
7.721952986128252761e+00
7.722404608205639676e+00
7.724654481339043421e+00
7.726079094359875832e+00
7.727074177431529911e+00
7.733746903192555422e+00
7.742356306258254328e+00
7.744635637745866497e+00
7.755413310123649318e+00
7.759305493508847462e+00
7.760787134129576437e+00
7.761389831957681729e+00
7.765420054087472046e+00
7.765995954376449184e+00
7.766076576039549373e+00
7.770098678149508942e+00
7.770948251524458783e+00
7.778769540423737361e+00
7.785065530906409847e+00
7.788921182887367678e+00
7.790673108551993131e+00
7.791525502523056090e+00
7.793344627820489201e+00
7.793860695128024041e+00
7.795505081321174146e+00
7.806967301496992917e+00
7.809826298223782715e+00
7.810129817277923436e+00
7.810464587205540710e+00
7.813020012251112867e+00
7.815410528634806120e+00
7.816353208216237469e+00
7.820446344755779933e+00
7.821544272859107139e+00
7.822813704418261516e+00
7.830268793290549034e+00
7.832273330213936013e+00
7.833616579064460517e+00
7.841857349977174430e+00
7.846598952097055601e+00
7.849260126804484372e+00
7.850893332238692679e+00
7.859105945955175976e+00
7.862014467674549145e+00
7.867667402971588508e+00
7.870400130592554611e+00
7.877935247347522818e+00
7.879561428804205292e+00
7.886015148921346807e+00
7.892477653761227785e+00
7.896978375724133414e+00
7.898517500976958594e+00
7.898955836420271659e+00
7.899927271320242639e+00
7.902675590598907007e+00
7.906220503868527594e+00
7.908238523318025237e+00
7.915345327729069957e+00
7.918122659484239101e+00
7.922764309669336313e+00
7.924159796959453494e+00
7.932070087319550211e+00
7.932492851544809653e+00
7.933556149495900378e+00
7.937123577536493002e+00
7.944316544856795836e+00
7.947187093577380956e+00
7.948200259870909612e+00
7.952242377539620932e+00
7.952454537618256936e+00
7.957337237835598209e+00
7.957572753729353465e+00
7.957763989205113297e+00
7.958587620857687561e+00
7.959125542162505340e+00
7.963768311900361496e+00
7.965215024695496027e+00
7.968160592249604157e+00
7.973619205620558148e+00
7.974637187881276290e+00
7.983009788361489889e+00
7.985192899588579252e+00
7.991686232761836095e+00
7.996746830845917309e+00
7.999751793155704505e+00
7.999827893753460373e+00
8.003506579947709199e+00
8.005811295633018077e+00
8.011318092743113795e+00
8.014093255947257077e+00
8.016572154051900156e+00
8.027830246998195918e+00
8.028937955450185626e+00
8.030404973388403533e+00
8.039054989204851509e+00
8.039332970427622627e+00
8.042954821219820971e+00
8.048767439013333913e+00
8.050487702202037354e+00
8.050673068367020235e+00
8.052813205154874865e+00
8.057786481500883724e+00
8.060967428978031535e+00
8.062806221373676863e+00
8.066338089728700922e+00
8.069203804515343137e+00
8.077321796381660590e+00
8.079337432104162886e+00
8.081339111958493859e+00
8.082811474702715770e+00
8.083527602580497629e+00
8.093819427623996532e+00
8.095310921802351345e+00
8.099352872389841806e+00
8.103531941296202135e+00
8.104331636951695117e+00
8.104370331030491315e+00
8.109438754886168610e+00
8.110589642012762113e+00
8.120282664315700671e+00
8.121287319264387961e+00
8.127396738148339850e+00
8.130508267891945806e+00
8.132189542999267218e+00
8.133002675889283495e+00
8.144686572837334992e+00
8.145787781637592317e+00
8.147683181685106746e+00
8.148364249242506574e+00
8.156059232798645198e+00
8.158181190412195249e+00
8.161060061510879038e+00
8.161920067169329940e+00
8.165841684250480625e+00
8.166170376018177635e+00
8.180338922318471262e+00
8.181812275688278291e+00
8.182100079066620069e+00
8.182684619093253175e+00
8.184454668678418088e+00
8.184892139662101940e+00
8.185126880043391395e+00
8.187209094370711426e+00
8.190326223485541846e+00
8.192294008290261331e+00
8.192302921388673553e+00
8.195608560285243982e+00
8.200552240745103916e+00
8.200648777586106775e+00
8.201218517293003885e+00
8.203647697109932579e+00
8.208526005393677494e+00
8.214767900848022109e+00
8.215754965506143037e+00
8.215990341426824273e+00
8.220352181833559868e+00
8.220848303538412338e+00
8.223651520562121675e+00
8.225256112976490286e+00
8.225328514835631211e+00
8.229648075800358953e+00
8.233245990041600848e+00
8.235560763456614808e+00
8.243766860285770548e+00
8.245780940700260686e+00
8.246209197549180914e+00
8.247893162691017466e+00
8.250582552669714076e+00
8.253821981854098766e+00
8.254494896779094759e+00
8.258760619367198075e+00
8.261358582884330559e+00
8.262174730029327563e+00
8.274849450952904917e+00
8.275286456311105709e+00
8.278816272101023443e+00
8.289434546445574981e+00
8.289552674151371647e+00
8.294341185331129296e+00
8.303377740672335250e+00
8.305849978871442829e+00
8.316250381680772463e+00
8.316800996051604500e+00
8.324988337943915795e+00
8.325257895280277154e+00
8.326479109263232203e+00
8.327881870713758516e+00
8.330825204560394326e+00
8.332432491944230080e+00
8.344092931448910733e+00
8.344476775674193547e+00
8.347811408196520233e+00
8.348284495647217085e+00
8.350733664093388242e+00
8.353598544437140561e+00
8.358434139214121927e+00
8.358726195330204334e+00
8.360258830944649944e+00
8.362460082358596836e+00
8.362536484501521983e+00
8.365776022182229710e+00
8.366336174080128529e+00
8.367163984283363831e+00
8.377509223444928210e+00
8.377974755683089469e+00
8.390341110178312078e+00
8.397582386456603487e+00
8.398997301134382809e+00
8.405215647020334302e+00
8.411312541171776402e+00
8.411357621194152756e+00
8.414967272251601571e+00
8.427243262549758640e+00
8.428909677418102930e+00
8.441366677887298664e+00
8.443197658582878518e+00
8.444306536495391313e+00
8.447611966923716409e+00
8.448321093970255546e+00
8.453011950987249890e+00
8.457561377358441490e+00
8.458584687740573926e+00
8.464537024882110572e+00
8.465117931227455372e+00
8.466850003144347880e+00
8.468401657226413803e+00
8.471706040398041537e+00
8.476366590150572478e+00
8.477380700778754274e+00
8.477749335275531095e+00
8.483734593419434589e+00
8.492088018988235731e+00
8.492270857230160175e+00
8.492940269150087929e+00
8.494765231957016383e+00
8.497876279934558852e+00
8.506398876553177502e+00
8.508318089576514254e+00
8.509863254184931947e+00
8.520683700377679415e+00
8.527432373547091160e+00
8.527785487983100765e+00
8.530830166025404893e+00
8.532079785722471499e+00
8.540038488806901640e+00
8.542767042104415509e+00
8.544055474822519258e+00
8.546897970294052627e+00
8.558032367127433204e+00
8.561447390840223548e+00
8.563857923026477081e+00
8.569042588435275221e+00
8.574307020382089917e+00
8.577994584804681466e+00
8.580903115344323595e+00
8.581953623536760389e+00
8.593612797690896699e+00
8.599974587302705586e+00
8.605833639524465895e+00
8.606021755849674548e+00
8.606039053316793641e+00
8.606900644209700246e+00
8.614315347700884473e+00
8.614634735481200067e+00
8.620152700054530825e+00
8.626725348859022091e+00
8.629067205343574187e+00
8.630739982886222350e+00
8.644729437315342935e+00
8.648292271383716923e+00
8.652916073504069772e+00
8.652934468903451304e+00
8.654889471938934875e+00
8.664600119756968866e+00
8.664661148809429392e+00
8.675058664950997311e+00
8.678799056799174849e+00
8.679783369096911727e+00
8.685491112148655546e+00
8.688591166086972351e+00
8.691587025854735415e+00
8.692729927369168053e+00
8.699647851546435717e+00
8.709455513703725060e+00
8.719578505427868720e+00
8.722142788982884198e+00
8.727200432628240634e+00
8.734127814459728967e+00
8.739526209882894747e+00
8.742141709094253699e+00
8.744320627634809995e+00
8.747995864600301985e+00
8.750542570676948628e+00
8.751167443718733452e+00
8.751477362052218822e+00
8.751624744640880138e+00
8.752349987501373718e+00
8.757536241036291358e+00
8.758003885517785747e+00
8.758250910879075590e+00
8.761145004195755703e+00
8.771047061337050366e+00
8.774958930335765572e+00
8.782232271347099939e+00
8.789603166710886484e+00
8.796031648369943667e+00
8.800735358550042520e+00
8.803803385362467537e+00
8.805595779216874419e+00
8.813009294312989184e+00
8.817709170944635133e+00
8.817738069773223941e+00
8.824698948174054536e+00
8.827372659441675040e+00
8.832173358368539340e+00
8.834306731490917386e+00
8.834369262266935863e+00
8.836749577593259630e+00
8.839028676504950610e+00
8.840182921458646703e+00
8.843182158882715527e+00
8.843930700301827486e+00
8.847869367336967272e+00
8.850543223022068418e+00
8.858725871850170464e+00
8.858824879868871349e+00
8.861692563503659414e+00
8.871004233199252909e+00
8.874185241271490554e+00
8.875569015977529119e+00
8.877438940677331303e+00
8.882800178784924228e+00
8.883267708507828431e+00
8.883278762733093359e+00
8.886363084718173155e+00
8.908869810927159349e+00
8.915577256972779807e+00
8.915648941075383860e+00
8.918821696254770615e+00
8.924368819689597387e+00
8.928390532951809178e+00
8.932459053741430566e+00
8.934569269593456653e+00
8.935776986465834071e+00
8.962522293789332295e+00
8.963455933123249508e+00
8.968737696090238742e+00
8.972027107987834427e+00
8.974173247326847402e+00
8.986609374170374309e+00
9.004567691684776776e+00
9.010681627397273630e+00
9.018538984110008982e+00
9.024947363079494522e+00
9.028284650198786565e+00
9.042693866360353994e+00
9.050239287592546589e+00
9.062790387048631047e+00
9.064082678401533144e+00
9.066322919738489361e+00
9.067732782738110231e+00
9.076801500126807198e+00
9.080887085875778197e+00
9.086003231630737531e+00
9.091741771906789893e+00
9.092775497984145971e+00
9.094788325190805267e+00
9.097164189876888685e+00
9.098287717917534323e+00
9.099790346574943456e+00
9.106530896708054712e+00
9.107750752354979440e+00
9.116764480403922732e+00
9.120895747476385651e+00
9.130614888387144745e+00
9.132112284031515870e+00
9.143678935521947437e+00
9.155531425742092111e+00
9.156865853369350106e+00
9.173316623359699662e+00
9.177483779979946021e+00
9.182307991748997367e+00
9.184783680407493378e+00
9.185107324851484734e+00
9.188030912089793389e+00
9.191394791217570415e+00
9.203086704628960391e+00
9.203771143227497120e+00
9.213755419641360689e+00
9.216616886861974223e+00
9.216806193785600954e+00
9.219504948986918080e+00
9.220339418859726521e+00
9.236430737752311160e+00
9.239692028618916808e+00
9.241194570642807804e+00
9.261061116088347589e+00
9.261301205858357477e+00
9.269397403806989288e+00
9.269743493069430684e+00
9.272153078858002218e+00
9.287495754703813944e+00
9.288992095276917382e+00
9.296751468191716938e+00
9.297025037997467933e+00
9.300808959605905812e+00
9.303740619952643343e+00
9.315525736225671594e+00
9.322178151442320981e+00
9.324602043912852523e+00
9.326666270911816881e+00
9.327087721910178431e+00
9.334098463043549287e+00
9.336493343615201113e+00
9.344115355978086512e+00
9.345376223214302058e+00
9.347569724903545207e+00
9.354337018475524346e+00
9.355774225203699501e+00
9.367599162412766134e+00
9.370103100360763548e+00
9.370633524723730901e+00
9.373202621918533595e+00
9.398997495712853478e+00
9.403646541492159727e+00
9.422700447748470154e+00
9.425607047515805803e+00
9.426042225979667677e+00
9.426748845115318076e+00
9.437187489037267341e+00
9.438335570275638631e+00
9.447880985870700243e+00
9.448038514364034413e+00
9.474979481464567144e+00
9.476848979642035431e+00
9.478116580904679012e+00
9.483970510190689041e+00
9.486172575388520656e+00
9.495329357514327384e+00
9.497350045444704847e+00
9.503921305455458324e+00
9.504334497238069446e+00
9.507506109638057978e+00
9.508939567801759196e+00
9.511592800022532046e+00
9.520474099663175593e+00
9.522695747463915339e+00
9.533777965752353367e+00
9.534239905932835768e+00
9.534644110739764145e+00
9.534847106127209315e+00
9.539373745771905888e+00
9.542692354265408738e+00
9.562730796290088264e+00
9.577641778543556583e+00
9.580443774256339751e+00
9.587653332221764302e+00
9.593188665889750055e+00
9.596083821018936533e+00
9.601769009484703687e+00
9.613907854188171953e+00
9.616824302976169747e+00
9.632510384515001078e+00
9.647977762591475326e+00
9.648429196647349215e+00
9.649486407632309692e+00
9.655768608177005774e+00
9.663401488816566243e+00
9.667492533354433704e+00
9.667951936789698664e+00
9.670806101295347901e+00
9.674178837746053361e+00
9.691983650461445166e+00
9.696765568650196343e+00
9.698872443671014310e+00
9.699824030861252666e+00
9.702670011153461616e+00
9.708907809698681390e+00
9.712863959260520375e+00
9.713483196571232270e+00
9.717235420808597368e+00
9.719232042530267179e+00
9.727717720572611526e+00
9.731589612576417636e+00
9.732277270046543194e+00
9.735391572536318705e+00
9.737661241893212249e+00
9.737821457281842896e+00
9.738518809889836092e+00
9.743398511202601142e+00
9.756393333979755056e+00
9.780653977826547774e+00
9.796608775372613209e+00
9.799757752531101929e+00
9.801936192738056164e+00
9.824525375797319882e+00
9.827662922930423761e+00
9.835088434492778475e+00
9.836006819510549448e+00
9.855893556614335083e+00
9.856586781306612366e+00
9.859780002980695457e+00
9.859923358075826982e+00
9.860475389944483027e+00
9.870319098845540040e+00
9.878794887830139260e+00
9.880343397324907073e+00
9.880991180352527437e+00
9.884609025329375243e+00
9.886201121893146038e+00
9.909064689945170201e+00
9.910508723384932495e+00
9.912026280017895985e+00
9.914115376981143868e+00
9.920779988816864403e+00
9.934832781648630373e+00
9.944950981378555710e+00
9.953159671819486576e+00
9.958390039284333639e+00
9.960612487576353757e+00
9.970371914507515143e+00
9.977646653570790392e+00
9.981517132738229492e+00
9.982708185388441180e+00
9.983277444720680904e+00
9.989515329963596812e+00
1.001749516829097963e+01
1.001793189750694424e+01
1.002097409455867627e+01
1.002650547481829868e+01
1.003600332966256126e+01
1.003934245469501541e+01
1.004783066851253537e+01
1.004821719745406838e+01
1.005198243176367967e+01
1.005297342706072783e+01
1.006395112222094390e+01
1.007304573809567927e+01
1.007580007101482167e+01
1.007615593041303192e+01
1.007944383280502798e+01
1.008722074160937154e+01
1.009035068972042914e+01
1.009571497590569322e+01
1.009687466900780528e+01
