6.591856564585683032e+00
6.681501856675610362e+00
6.881572141732607228e+00
7.182144384307540541e+00
7.314789162748046358e+00
7.523305706117511704e+00
7.549359834663000868e+00
7.651741799613362538e+00
7.786983040385766053e+00
8.087596306418969760e+00
8.153255808320553299e+00
8.179157861663398421e+00
8.203593103126367581e+00
8.215357221465708903e+00
8.324657561346182177e+00
8.420063125478474575e+00
8.468500321695417554e+00
8.926169848616824609e+00
9.223317790151613238e+00
9.276973882424353945e+00
9.309612327018335520e+00
9.474934220983742605e+00
9.579050991737604548e+00
9.594628288795540527e+00
9.628304561754678303e+00
9.755797432886915033e+00
9.857614109904682564e+00
1.003594683889930472e+01
1.041172623564599142e+01
1.063541519791225021e+01
1.078121407320864300e+01
1.091292273184222061e+01
1.122959980615752507e+01
1.129816258661564632e+01
1.148452805781352204e+01
1.175340854350998931e+01
1.176627640793380714e+01
