5.156608266148280606e+00
5.186053119449301363e+00
5.299491992157187248e+00
5.396718794180075385e+00
5.557720981199802068e+00
5.562551291818467192e+00
5.659846864388135224e+00
5.670967176467193838e+00
5.732696587163189861e+00
5.879228771339518822e+00
5.897776558735635888e+00
5.900104469619146919e+00
5.935976950121218287e+00
6.382138722066760472e+00
6.477133061780013357e+00
6.751389360044520949e+00
7.103990823454720882e+00
8.491860499621177283e+00
9.203474402239463004e+00
9.627752250337577422e+00
9.698255048277836465e+00
1.015004032865201644e+01
1.022019977118229050e+01
1.028588133223989765e+01
1.075026633292591782e+01
1.108124591382114410e+01
1.133773362619725766e+01
1.142089146277121969e+01
1.148708803747899765e+01
1.160118814337723059e+01
1.167525353513488540e+01
1.167863336253718209e+01
1.206636458874316631e+01
1.216789094829090878e+01
1.217290053585078624e+01
1.357525375889474617e+01
1.494784517594183093e+01
1.568605055611995702e+01
1.576583701983439312e+01
1.589674548276024701e+01
1.626966688359612689e+01
1.685254796918570008e+01
1.766746180259865184e+01
