1.108332511430688783e+01
1.109719674254648147e+01
1.224900372124621306e+01
1.274617581840443492e+01
1.284376685559541365e+01
1.312580953606654610e+01
1.313092205134513790e+01
1.376904683270035434e+01
1.384593592534358919e+01
1.399384167635940912e+01
1.402228787606362204e+01
1.402418510975553900e+01
1.407069926601017862e+01
1.422404395229293250e+01
1.438655194942044524e+01
1.462674136301988170e+01
1.470863071644252962e+01
1.480059523868054505e+01
1.483479044354358223e+01
1.486635265882266843e+01
1.496568931911428102e+01
1.532223906854360784e+01
1.537695743071502186e+01
1.541238938953521220e+01
1.574179605470454568e+01
1.582301762228354569e+01
1.734349984822246782e+01
