3.159567967621483398e+00
3.160990409767074905e+00
3.161208371524534044e+00
3.163522992064545125e+00
3.163672598945068248e+00
3.169359308762278449e+00
3.174749968091987284e+00
3.177875632142835194e+00
3.179445216865676382e+00
3.180190415659840841e+00
3.181369007261748649e+00
3.182476490999964547e+00
3.184854019491722088e+00
3.185065136052867896e+00
3.190088021137115870e+00
3.194162864403973234e+00
3.198023698355364264e+00
3.200960784139792903e+00
3.201346780005484671e+00
3.201566744919466689e+00
3.211391763901302099e+00
3.211400953477837383e+00
3.213223938104199817e+00
3.216003235649364633e+00
3.222240964256751994e+00
3.223360112346041806e+00
3.223685648741249299e+00
3.224929588955702808e+00
3.225282167922506993e+00
3.225936922810121121e+00
3.226091632369152418e+00
3.226146626929784489e+00
3.227129673373061003e+00
3.227624303056129573e+00
3.228571737709700518e+00
3.228998255945765727e+00
3.231384577419551540e+00
3.233410639784104035e+00
3.233590015269539819e+00
3.237779989198242170e+00
3.237939308667153071e+00
3.238718547026814942e+00
3.239716410821863235e+00
3.239887359583634385e+00
3.241211461436361407e+00
3.242371940826425103e+00
3.244897872891595370e+00
3.245009358502625396e+00
3.251954763846153451e+00
3.252352821374570269e+00
3.254107074539127176e+00
3.254847444488870867e+00
3.254880866232248149e+00
3.255926325394929766e+00
3.255985344570857531e+00
3.257709010852080755e+00
3.259184125389528841e+00
3.259618206112252281e+00
3.266998452871256120e+00
3.269567614861171201e+00
3.270815873648623917e+00
3.274631638537825129e+00
3.274974707593484968e+00
3.276970235388849240e+00
3.278388026492620622e+00
3.278410166602883979e+00
3.282730678672258762e+00
3.283194548514614119e+00
3.283544584995297111e+00
3.284102918967688911e+00
3.286213225160461437e+00
3.287672072460686046e+00
3.288832090274030673e+00
3.289288497935504818e+00
3.290691744121709839e+00
3.292370032253932877e+00
3.292895198090764364e+00
3.293096140286762452e+00
3.294283201953160489e+00
3.295704509294622220e+00
3.295976017787414225e+00
3.298680992810400614e+00
3.299686520480768159e+00
3.301389578284737780e+00
3.302990103812304401e+00
3.303100651113118680e+00
3.303201177165084435e+00
3.307319026683942731e+00
3.307703149874737569e+00
3.310128943635813670e+00
3.310737532110438863e+00
3.314274515119377096e+00
3.314698983751771078e+00
3.314799899675554329e+00
3.316663615754973371e+00
3.320029783068943807e+00
3.320209834563204954e+00
3.320349252294951370e+00
3.321079763921888528e+00
3.324593928334353521e+00
3.327532231005938979e+00
3.334046756805640221e+00
3.336127424972550770e+00
3.338098713128006434e+00
3.338814628340422530e+00
3.339906404710616616e+00
3.340452376504480902e+00
3.341503272960756554e+00
3.341785302763760512e+00
3.344933214923763387e+00
3.344979793259599266e+00
3.345892785895987931e+00
3.349088583646660400e+00
3.349380686869025681e+00
3.349629630670929004e+00
3.349889542784310059e+00
3.352759698317477000e+00
3.354741254393236449e+00
3.355112905898260944e+00
3.355429869840021340e+00
3.355855398443227777e+00
3.357094540481131872e+00
3.357334678788122861e+00
3.358144873713207357e+00
3.361063555654196122e+00
3.361079811961142028e+00
3.363050330513712716e+00
3.364738263255572903e+00
3.365182324817963977e+00
3.367101217091204024e+00
3.367884112616874592e+00
3.368811853653721489e+00
3.369623815739805739e+00
3.369869521634078602e+00
3.372159376213665904e+00
3.378079157232619423e+00
3.379466319745293656e+00
3.380291376013365490e+00
3.380490642003262991e+00
3.380743484059508752e+00
3.380770328594040031e+00
3.383499806641006913e+00
3.383691546685529072e+00
3.384497754438358541e+00
3.386836402875188057e+00
3.387795631773330207e+00
3.387927977054297379e+00
3.391619758013875607e+00
3.391824762682101646e+00
3.393765304794406301e+00
3.394175844832003186e+00
3.394965510340138160e+00
3.397649195728115412e+00
3.397750788699346103e+00
3.398994273272664124e+00
3.400223665370104786e+00
3.401156490980866476e+00
3.402477425951571988e+00
3.403464584365301970e+00
3.404314947179039930e+00
3.408047911070188007e+00
3.409285579161080548e+00
3.411727668237498179e+00
3.414704439280785486e+00
3.417005299438983901e+00
3.418143612182456881e+00
3.419404281005199220e+00
3.419818953789284244e+00
3.419905409478796177e+00
3.420095180034466775e+00
3.421520665116539739e+00
3.424316732113595219e+00
3.424542188894598382e+00
3.425515125218600243e+00
3.430310636638634669e+00
3.431518566250939539e+00
3.435573340528935038e+00
3.436951061109926542e+00
3.438145412736387296e+00
3.439595390184302826e+00
3.440500249074173400e+00
3.442734657173927015e+00
3.442837090332157235e+00
3.443570433167896461e+00
3.444531636079948278e+00
3.444566992493253821e+00
3.444685601556247256e+00
3.445108450866116723e+00
3.446201771373529343e+00
3.447039129966317894e+00
3.448538293301549817e+00
3.449902371843454052e+00
3.450277579792997429e+00
3.450978901264155407e+00
3.451739172083259533e+00
3.451824548309831986e+00
3.451891029943873868e+00
3.451902581374988621e+00
3.457482152311052825e+00
3.458436583944017872e+00
3.459669500689074972e+00
3.459893198715432661e+00
3.460433149629303706e+00
3.461279987504507272e+00
3.462261082218728969e+00
3.464534167516311935e+00
3.465226593066409677e+00
3.465619307348508649e+00
3.467862887233368774e+00
3.468664255530244489e+00
3.469621237148694970e+00
3.470186656185130225e+00
3.471397061794043282e+00
3.471441543843130972e+00
3.472440968364039371e+00
3.473463898164335983e+00
3.473495004458202917e+00
3.476301761276249014e+00
3.477058144079770763e+00
3.480228447187722729e+00
3.481396865214422043e+00
3.481931021053370934e+00
3.483598300388531577e+00
3.483659120072987836e+00
3.485650396849385046e+00
3.485714904845220730e+00
3.490398116544140450e+00
3.492141493591982560e+00
3.492164084976426164e+00
3.493023746504347660e+00
3.495043485689127483e+00
3.495127625108136016e+00
3.495257336522390457e+00
3.496716328841604771e+00
3.496947938875992978e+00
3.497092022971937109e+00
3.497303551958734325e+00
3.497369889503686213e+00
3.497854474147524151e+00
3.499977756318383371e+00
3.501389597996947600e+00
3.501671700022428890e+00
3.508647749186045495e+00
3.513295776256340375e+00
3.514066190902715991e+00
3.515864068191311809e+00
3.516644348781483576e+00
3.518327536869448657e+00
3.520945703155053508e+00
3.521130637743898895e+00
3.522974739201472527e+00
3.524697083518935958e+00
3.524890443454954614e+00
3.526681593065972287e+00
3.526886354936642931e+00
3.527587017280843007e+00
3.528856160600419400e+00
3.529318047447623563e+00
3.532885697677627057e+00
3.534172742958407554e+00
3.534713634579889963e+00
3.536946721147034012e+00
3.537030568975453981e+00
3.538091909396520407e+00
3.538164569898479606e+00
3.538548392403278786e+00
3.538753459398077172e+00
3.538909201655808801e+00
3.539884222614100739e+00
3.541496215301305206e+00
3.542592647972288233e+00
3.545266291939491943e+00
3.546273641729150938e+00
3.547727087253760736e+00
3.548109677866228662e+00
3.551288714560887794e+00
3.551371070426458942e+00
3.552165436313120761e+00
3.555042932210124906e+00
3.557243151403536974e+00
3.558563832650754932e+00
3.560201588321863841e+00
3.560470035774332409e+00
3.560961199164718760e+00
3.561592884486499244e+00
3.564083539570303216e+00
3.567399339859582685e+00
3.569509341638875455e+00
3.569999487890136436e+00
3.571133737146111375e+00
3.571540025994389023e+00
3.571592249767534089e+00
3.573087667959655711e+00
3.574132537522163311e+00
3.574373526056234596e+00
3.576616293344706765e+00
3.580816656432914691e+00
3.581130936934782572e+00
3.582643683493876630e+00
3.583260514346101822e+00
3.586331643455745954e+00
3.587014960501794913e+00
3.587997826624448550e+00
3.590648768535743773e+00
3.591369539313908898e+00
3.591615636901256625e+00
3.593951286374320375e+00
3.594139793702582963e+00
3.594887673092447944e+00
3.594932730893153572e+00
3.596005720914086101e+00
3.596310101369481593e+00
3.596625977050854406e+00
3.598220286389147038e+00
3.599049527964634176e+00
3.599859857840578936e+00
3.600330473363806849e+00
3.602174185067382517e+00
3.603271782977908622e+00
3.606799360414708389e+00
3.607554087894922823e+00
3.608113733194586281e+00
3.609560003829251684e+00
3.610010823687903603e+00
3.611850318182862729e+00
3.612395162738065491e+00
3.612637413014085475e+00
3.615101926143510003e+00
3.617961447560528843e+00
3.619652733169135495e+00
3.620274997027192576e+00
3.621325403797349907e+00
3.621548429740959474e+00
3.621570391685378532e+00
3.622082929835359622e+00
3.623455032323442460e+00
3.623578805101524303e+00
3.624732572097214334e+00
3.625737966235765608e+00
3.627928685969268319e+00
3.628966390022292376e+00
3.629060866754266090e+00
3.629860524906397323e+00
3.630041370881136764e+00
3.630243492577570841e+00
3.630438779782477532e+00
3.630564602218270487e+00
3.631365606831902682e+00
3.631990367133539177e+00
3.633130108257589974e+00
3.635659182363243147e+00
3.635778453895042617e+00
3.636419945549033361e+00
3.637265341703862287e+00
3.638480329340652908e+00
3.639578805815364859e+00
3.641061375780192844e+00
3.642317762475082876e+00
3.645707191017677484e+00
3.646835986194276735e+00
3.647483064319618329e+00
3.649070263323924479e+00
3.650246337900434845e+00
3.651183564183791752e+00
3.651518921720067201e+00
3.651593553436434103e+00
3.651817452343303572e+00
3.652213510181633982e+00
3.653410905162479683e+00
3.655099828849762478e+00
3.656139243799784833e+00
3.657628074261418227e+00
3.659399412748177927e+00
3.659637831014424858e+00
3.659716716874624964e+00
3.662013562432513414e+00
3.665086854557061624e+00
3.665931924319098201e+00
3.666365738569721699e+00
3.668328650193126261e+00
3.668486337100496986e+00
3.672778096939417036e+00
3.673443592743554031e+00
3.673457561265228488e+00
3.673849187398610550e+00
3.674195343760722654e+00
3.674986765813317291e+00
3.675942367672097699e+00
3.676044670119888114e+00
3.676926283952203889e+00
3.679289575250022093e+00
3.679371841439071922e+00
3.680942146987475461e+00
3.681838730249006986e+00
3.683332565257980029e+00
3.684602448807891228e+00
3.684823172889962972e+00
3.685727321880849505e+00
3.688008046969161846e+00
3.688669722747141666e+00
3.690311313372919066e+00
3.690510694110613610e+00
3.692435445290681351e+00
3.692648544480235717e+00
3.694153112411395767e+00
3.694783585691560290e+00
3.695724177736641636e+00
3.696483795688681795e+00
3.697703280830292094e+00
3.698978624454368980e+00
3.699589260477885944e+00
3.700069214349533286e+00
3.700477826857025310e+00
3.702314011587622300e+00
3.703974540987720498e+00
3.704328019350519696e+00
3.705007135263270968e+00
3.707339598973686368e+00
3.707339807372596496e+00
3.707700471939556319e+00
3.709465141657319887e+00
3.709556301102360454e+00
3.710082334044188190e+00
3.711072960674258958e+00
3.712458106211444342e+00
3.713009996617484987e+00
3.713861121575204649e+00
3.714438191104560971e+00
3.716169015575546464e+00
3.718991326033692424e+00
3.720572054923370953e+00
3.721693138575545845e+00
3.722144059990252885e+00
3.723278748805185945e+00
3.723820190561193400e+00
3.723848799154625855e+00
3.724688563969051902e+00
3.725358459852338822e+00
3.725889987251907343e+00
3.727931570061886912e+00
3.727943968262509955e+00
3.728439168915866908e+00
3.729935211932444705e+00
3.730707353128088766e+00
3.730741962855688598e+00
3.731721685371363950e+00
3.732282739433571805e+00
3.732716674232135379e+00
3.734411841719896596e+00
3.736040648171741640e+00
3.736229399737863943e+00
3.736989482547349528e+00
3.741117130059622209e+00
3.741982640314860831e+00
3.742287451616093552e+00
3.742321974242675875e+00
3.745738685305833648e+00
3.748298307335276469e+00
3.749145416902734063e+00
3.749697823395577334e+00
3.751917362141464096e+00
3.753391125588564581e+00
3.754594816594353013e+00
3.755390484553732922e+00
3.756467291813826659e+00
3.756552712877986533e+00
3.757433847029290064e+00
3.759084436698875376e+00
3.761116764955517056e+00
3.761475365047410424e+00
3.763287242519341103e+00
3.763373223117483679e+00
3.764638751741268052e+00
3.766772456756143583e+00
3.767241030751297792e+00
3.768045301900026622e+00
3.768489421364338732e+00
3.770617889611101337e+00
3.770759450073217334e+00
3.771071041655702949e+00
3.772644409105901264e+00
3.774967566643308015e+00
3.775196241220916349e+00
3.776372232382619654e+00
3.776539741903013336e+00
3.777166500518961190e+00
3.778177414005385870e+00
3.778226754097869566e+00
3.778480603962900197e+00
3.778603546997989060e+00
3.779534078245299966e+00
3.780845391115901677e+00
3.781076031948235716e+00
3.781366416830373556e+00
3.781575714582050107e+00
3.784549072437143558e+00
3.785043982946578289e+00
3.788649097564810830e+00
3.789191184186787353e+00
3.790092875335246081e+00
3.791276163766824414e+00
3.791641504752775393e+00
3.792980440346441551e+00
3.796008033216839550e+00
3.796044013254626037e+00
3.796824089985666006e+00
3.797485863758421232e+00
3.798052952289799222e+00
3.798258299077012179e+00
3.798384078673394448e+00
3.798472094150660006e+00
3.798538693281264589e+00
3.799468474061445722e+00
3.799517545035299815e+00
3.800049970016466272e+00
3.801282901050012875e+00
3.802682571254207833e+00
3.803905624562722299e+00
3.805438921643709893e+00
3.805627226269882701e+00
3.806016563351580562e+00
3.806220674212385191e+00
3.807127362968853568e+00
3.807991267829906601e+00
3.808095450514860758e+00
3.811003648988906090e+00
3.813154867574558793e+00
3.813257359205653785e+00
3.813257436582978332e+00
3.813934794193452937e+00
3.814222349006435309e+00
3.814636023155937750e+00
3.816015015425998858e+00
3.816553971157762071e+00
3.818142620782427610e+00
3.818834296139279605e+00
3.821891343059080182e+00
3.823590913606513375e+00
3.826050615446276115e+00
3.826946847931728790e+00
3.827313450121431426e+00
3.829243996862699007e+00
3.830081526389711222e+00
3.831271828472825991e+00
3.832146738820532139e+00
3.833680567570516118e+00
3.834555518036084187e+00
3.834702271320073130e+00
3.837053427661296645e+00
3.837508386318634557e+00
3.838603917973852031e+00
3.839464682392002892e+00
3.839871653376896621e+00
3.841492801386436895e+00
3.841817753471898467e+00
3.842950890835942435e+00
3.843156587178926831e+00
3.843317249043753936e+00
3.844485240962392414e+00
3.845623049979275176e+00
3.846285683645857656e+00
3.847507306156597195e+00
3.848120297723357730e+00
3.848599646119747142e+00
3.848865365576676467e+00
3.849150479678014491e+00
3.849851348396245321e+00
3.849876225566678301e+00
3.851426462409498708e+00
3.851876347450248428e+00
3.856160613984495278e+00
3.857428522473843824e+00
3.860076661100844131e+00
3.860801540406562982e+00
3.860964951051503391e+00
3.861579976084276833e+00
3.861807946321460516e+00
3.861893520188381057e+00
3.862329235932876692e+00
3.863617879161856727e+00
3.866251884481711087e+00
3.866448513113411423e+00
3.867501974810541920e+00
3.868844093813795126e+00
3.869723030471297065e+00
3.871296417977879933e+00
3.873559566733244086e+00
3.874418104735199098e+00
3.874693433041776824e+00
3.874813894677621384e+00
3.875118697631533493e+00
3.875402172995416894e+00
3.876850016340459781e+00
3.876945617890211970e+00
3.877022936309689527e+00
3.880205816041177425e+00
3.880264983716613436e+00
3.881792632435031365e+00
3.883532862285563159e+00
3.883853359119522786e+00
3.884596115377517922e+00
3.884833087435004106e+00
3.887195972315698800e+00
3.887265240593480442e+00
3.888563144796871374e+00
3.889834191676871278e+00
3.891095168064895748e+00
3.893222178392210076e+00
3.894141634615251313e+00
3.894406604315000298e+00
3.894926456759177036e+00
3.895357132770320696e+00
3.896838122726443032e+00
3.897124786536832364e+00
3.897442444945808493e+00
3.897665130017432311e+00
3.897865568144636139e+00
3.898784365175420596e+00
3.898827337093874856e+00
3.898893895125323805e+00
3.899023653207824403e+00
3.901412744134627797e+00
3.901694000354209546e+00
3.902094524672117704e+00
3.902471264847132915e+00
3.902572747943554798e+00
3.903043161428199959e+00
3.903316458748529616e+00
3.903624085428419654e+00
3.905504929280778192e+00
3.905575365362203399e+00
3.907420683547997875e+00
3.908345898090618054e+00
3.909835480047400225e+00
3.910036249453426649e+00
3.913134243333424855e+00
3.916373364882189900e+00
3.917338526341639149e+00
3.917835275838743136e+00
3.918307436064701221e+00
3.918490449740196002e+00
3.918727099725925367e+00
3.921441522793573498e+00
3.921797712559980109e+00
3.923884317645030873e+00
3.924363162741952848e+00
3.924389211766627916e+00
3.925833959954416308e+00
3.927445839120262683e+00
3.927919075657667403e+00
3.929657626108352897e+00
3.930324117918793991e+00
3.930512411857560284e+00
3.931482249236570414e+00
3.932049973941431631e+00
3.932624557706569934e+00
3.933114025234982769e+00
3.934068638001483542e+00
3.934298678640883118e+00
3.934915332405363841e+00
3.935798291016148642e+00
3.936881213120506651e+00
3.937110703287488356e+00
3.938873709929052946e+00
3.943095576793225199e+00
3.943803424021766535e+00
3.946156014904949494e+00
3.946365220819495701e+00
3.947037237723055370e+00
3.947118863048856507e+00
3.947206228551273455e+00
3.948549742531973994e+00
3.948836093685136550e+00
3.950427210278844026e+00
3.950746808991647097e+00
3.953048517419251340e+00
3.955211063082662459e+00
3.955816368175625541e+00
3.957598663960588681e+00
3.958861022684860398e+00
3.961232488040643762e+00
3.964214197897998559e+00
3.964922514828637556e+00
3.967359133335117694e+00
3.968647851018167305e+00
3.969254281852694799e+00
3.969348666149824290e+00
3.969867255669506712e+00
3.971247471840655852e+00
3.971386408528438494e+00
3.972881082624559301e+00
3.973564063496398013e+00
3.974510500587491446e+00
3.975401044355180158e+00
3.976287915111765159e+00
3.976469990687947487e+00
3.979471776713810804e+00
3.979720690521269422e+00
3.980494230440847048e+00
3.980647513701649931e+00
3.980695095244963344e+00
3.980853134301008733e+00
3.981344083721102489e+00
3.981999684410696627e+00
3.982102828766671099e+00
3.982800367267399722e+00
3.983806030097551076e+00
3.983816229089847116e+00
3.984387516290209597e+00
3.985537529034605786e+00
3.985774342203835197e+00
3.986376097793283613e+00
3.986488349446190238e+00
3.989283398304648731e+00
3.989550776444933611e+00
3.991996521884856985e+00
3.992554297502736826e+00
3.993813956679020283e+00
3.994352167307928081e+00
3.995787883068662616e+00
3.995967807668658889e+00
3.997494367060143716e+00
3.998055656488844978e+00
4.004206223776075824e+00
4.004279396709800487e+00
4.005266632067516319e+00
4.005644682052661665e+00
4.006392070121248317e+00
4.007740553091456270e+00
4.008405503404696368e+00
4.008631596056698498e+00
4.009410601409335584e+00
4.011219647007892242e+00
4.013448797665985168e+00
4.015383671354064710e+00
4.017887247809461826e+00
4.018566084909020120e+00
4.018607695775196831e+00
4.019168576638536550e+00
4.020400986813604582e+00
4.021251424125590113e+00
4.022741363185312835e+00
4.022892728207980717e+00
4.024844000546822897e+00
4.025338607125497958e+00
4.025788960209689016e+00
4.027249370208605406e+00
4.028131198992519479e+00
4.028354480519793945e+00
4.028412258605196250e+00
4.029757392642730807e+00
4.030114648489274032e+00
4.031049697742441040e+00
4.031283556243353772e+00
4.031367785093437739e+00
4.035445777682405755e+00
4.036503902704583702e+00
4.036615831730182791e+00
4.037427872422004071e+00
4.037643239644257420e+00
4.039544906169038718e+00
4.042368457273989080e+00
4.042393563046874583e+00
4.042549384873462159e+00
4.044625598204283357e+00
4.045516161407427980e+00
4.045874865830950462e+00
4.048074866499336011e+00
4.048762747233025650e+00
4.051199980271331214e+00
4.051323397109322322e+00
4.052835224468989139e+00
4.053249090719059033e+00
4.054451913278518838e+00
4.055208370813401686e+00
4.056550723428337335e+00
4.057284560475932444e+00
4.058054412440474934e+00
4.059332035377067882e+00
4.059347737039216142e+00
4.059687357316327905e+00
4.059998566706016554e+00
4.060647949441024807e+00
4.061032515394868980e+00
4.061422655157099548e+00
4.062286191974717298e+00
4.063060992533336524e+00
4.063380874365188689e+00
4.064303745819879410e+00
4.064370915388994199e+00
4.065890531667272434e+00
4.066234594665581348e+00
4.066673132892229425e+00
4.067026612801146079e+00
4.068051450379507550e+00
4.068536115736219649e+00
4.068695753541508253e+00
4.073049629366929381e+00
4.073224967790741502e+00
4.073554462464569426e+00
4.073650234365588041e+00
4.076599319815697342e+00
4.078105975809355854e+00
4.078250297074250241e+00
4.078839345159915197e+00
4.080453743039596404e+00
4.081708605917415689e+00
4.083185955378647591e+00
4.083521473380660183e+00
4.083692658374260986e+00
4.085015884617861914e+00
4.085320869774971442e+00
4.088620664269379645e+00
4.089405594182460746e+00
4.091296623751334849e+00
4.091367899303367750e+00
4.093144856138938081e+00
4.093179440627561227e+00
4.094361337332672157e+00
4.094853277208383879e+00
4.095420169464983218e+00
4.096707933386901423e+00
4.098197193387357551e+00
4.098366036629641940e+00
4.099048859415996837e+00
4.100269262814758342e+00
4.103592111170944357e+00
4.104280052062224016e+00
4.105853472939880788e+00
4.105880156568818329e+00
4.107509270064627849e+00
4.107913800263149007e+00
4.108318650355975876e+00
4.109129370346978227e+00
4.110584742739074038e+00
4.112661905959406283e+00
4.112788174141774000e+00
4.113464286390406066e+00
4.114315858977688478e+00
4.114768005981319199e+00
4.115439852529774178e+00
4.115842581579757464e+00
4.116920044538329826e+00
4.117906920353528122e+00
4.117935731095147212e+00
4.120114648647561495e+00
4.120318755666443344e+00
4.124840309500092062e+00
4.125625916797909909e+00
4.126104184391268248e+00
4.126814351993151497e+00
4.127097216439763017e+00
4.128701512290710696e+00
4.131524087850138471e+00
4.132736153043803817e+00
4.133261389047076406e+00
4.133278521135556716e+00
4.134649093847816204e+00
4.135112726809242467e+00
4.135142789991684609e+00
4.135602308271319139e+00
4.136467142140664244e+00
4.138696895953175137e+00
4.138803983208536152e+00
4.141310644079918113e+00
4.141964345947950932e+00
4.142142060391622138e+00
4.142606779082764312e+00
4.142814628333336913e+00
4.143121834376589874e+00
4.144036934470882727e+00
4.144324184995012317e+00
4.144488879416504901e+00
4.145104878178401897e+00
4.145109876346107391e+00
4.147629799120943872e+00
4.147765137582219097e+00
4.148269234175923081e+00
4.150333784912862534e+00
4.150460972759797862e+00
4.150485015705451808e+00
4.150699213012091882e+00
4.151361457188686543e+00
4.152183977367196022e+00
4.154122316474494703e+00
4.154785048325746466e+00
4.155467251683087504e+00
4.155626141417660513e+00
4.156094277552756289e+00
4.157671624004123601e+00
4.157919631019712625e+00
4.159450016322462140e+00
4.162950418530335206e+00
4.164613681615664476e+00
4.165004896303515558e+00
4.167011193791175572e+00
4.168622448687771431e+00
4.170994313617562455e+00
4.171275894486777602e+00
4.172139216720742283e+00
4.172447865861712124e+00
4.174570775546794899e+00
4.174620109685006852e+00
4.175161507890285506e+00
4.178287257917925324e+00
4.179172630099514230e+00
4.179708828537934906e+00
4.180048751681667341e+00
4.180251322434188843e+00
4.181850624776465963e+00
4.182495765601183635e+00
4.182536899759449867e+00
4.182697783501620137e+00
4.185066011673612252e+00
4.186134338881783989e+00
4.186379563742505638e+00
4.187244936636169257e+00
4.187638367324028721e+00
4.188324997943402295e+00
4.188652822765128292e+00
4.188987718239525648e+00
4.190049575459412701e+00
4.190199788224031607e+00
4.190199898857763117e+00
4.190238860570679513e+00
4.190971732097882985e+00
4.192138842481220706e+00
4.192340724595652546e+00
4.193510053219799971e+00
4.193936000506004902e+00
4.193937900581943268e+00
4.194370881877462764e+00
4.195741117528373643e+00
4.197276774368530639e+00
4.197470018264109370e+00
4.199287405377844173e+00
4.199602768132801422e+00
4.205376008083698380e+00
4.206213476102692361e+00
4.207214798878025519e+00
4.208099868814657363e+00
4.208823789337807320e+00
4.208969416606940683e+00
4.209100724644179614e+00
4.209106498200593904e+00
4.210146714688479896e+00
4.210217881451965738e+00
4.211184830099336196e+00
4.212657758575399924e+00
4.215009588406919860e+00
4.215330591769132162e+00
4.216460018833185330e+00
4.216539476243424289e+00
4.217568767539694008e+00
4.217588135070363009e+00
4.217948107244195555e+00
4.218302454116589217e+00
4.219748603257134079e+00
4.220840916525626874e+00
4.221523155137987260e+00
4.222542399300314386e+00
4.222677939477858189e+00
4.222915001232453669e+00
4.224826405615645264e+00
4.225976522331426288e+00
4.226498487311699748e+00
4.229016000425816380e+00
4.229091422638048492e+00
4.229814582853140159e+00
4.230543556986456011e+00
4.232005338429375207e+00
4.234074085575147528e+00
4.234630159677795547e+00
4.235784221789135273e+00
4.235919646811449724e+00
4.235963918961766161e+00
4.237342357469120913e+00
4.237464721394127665e+00
4.237827513902789889e+00
4.238739912441771729e+00
4.238892741243526885e+00
4.239446196898319918e+00
4.242083960117316366e+00
4.242864861751863614e+00
4.244475290842522064e+00
4.244652537367906930e+00
4.245896076155847076e+00
4.246360210579998018e+00
4.248030127043483262e+00
4.248318235416448374e+00
4.249668197886301790e+00
4.249832402656158692e+00
4.252609699233560470e+00
4.252683609330311754e+00
4.254097031998532508e+00
4.254727898299782929e+00
4.255133365696008418e+00
4.256730723132632122e+00
4.257421273289376806e+00
4.259140960416323729e+00
4.260325352211954630e+00
4.260907335838528098e+00
4.261200967629041436e+00
4.263280794906563642e+00
4.266539021348472183e+00
4.267713221763348663e+00
4.268594535850421146e+00
4.269527832385149324e+00
4.269832447026668198e+00
4.272556212321778624e+00
4.273909784114263921e+00
4.274668516935528295e+00
4.275241083834513844e+00
4.275654741974695305e+00
4.277678238844472070e+00
4.277975221519274562e+00
4.278236743374820961e+00
4.278491307190219750e+00
4.278693229204573178e+00
4.280291347230222421e+00
4.280894091077943386e+00
4.280955023995432818e+00
4.281235292884655763e+00
4.282659925244944432e+00
4.283082097912514818e+00
4.285431269144531541e+00
4.292528919647472740e+00
4.293256634078964851e+00
4.295669981697333384e+00
4.296141310224799170e+00
4.297337052510593836e+00
4.297634955018519776e+00
4.299840140418046630e+00
4.300085355417005317e+00
4.304403119709698800e+00
4.304697620623368692e+00
4.305006651545094876e+00
4.305731697618535136e+00
4.305939641965021103e+00
4.306088713901792708e+00
4.307459414708142198e+00
4.307500992594465394e+00
4.307977806107177621e+00
4.308132687022628637e+00
4.309363293882738866e+00
4.311001066514294600e+00
4.313675130963377846e+00
4.313867847325711935e+00
4.316566192238795452e+00
4.316655005460214412e+00
4.321521896053345912e+00
4.326867853987891088e+00
4.327678748063612524e+00
4.328401677758438204e+00
4.328961932771107968e+00
4.328968210097503544e+00
4.330121796715238780e+00
4.330523977691058235e+00
4.331096263903552845e+00
4.331761164415167009e+00
4.331936307304759204e+00
4.335157460864118129e+00
4.335618096320042802e+00
4.338447965724533617e+00
4.340266052347278247e+00
4.343845966127974023e+00
4.346169008888574936e+00
4.350080628192582566e+00
4.352192985947926474e+00
4.352273328275963138e+00
4.352925944945012837e+00
4.353141742178651796e+00
4.354200763166907073e+00
4.355964267680655588e+00
4.357591860692793695e+00
4.358172552413073220e+00
4.358217747332732372e+00
4.358484258706314840e+00
4.360105977647418030e+00
4.362330337309088257e+00
4.362934094766949045e+00
4.363966263326569894e+00
4.364661228214882449e+00
4.366890640258140444e+00
4.368479858408901073e+00
4.369205186632231452e+00
4.371175607779790084e+00
4.371189747926978342e+00
4.374917885450565258e+00
4.375480286719842127e+00
4.376517100011031225e+00
4.376559457833903544e+00
4.376655441068147745e+00
4.376915386826963683e+00
4.378295682831857327e+00
4.379032492969098023e+00
4.380173657165341794e+00
4.380244021880596250e+00
4.380520405231663084e+00
4.380687543425669794e+00
4.380776668729396306e+00
4.382931012475614452e+00
4.384980748506499992e+00
4.386063222188330002e+00
4.388744463688991182e+00
4.390177952419370477e+00
4.392131724080737598e+00
4.397621233264284335e+00
4.398448251842274281e+00
4.399099453803948734e+00
4.401719780165185725e+00
4.402568969794154796e+00
4.402950661311353819e+00
4.403620485636583481e+00
4.403892292500351857e+00
4.406972167099906912e+00
4.407170458791221712e+00
4.407537234413588578e+00
4.409428519346807462e+00
4.409574682891235220e+00
4.410520390667797663e+00
4.411219809543902137e+00
4.412190268789934144e+00
4.413495274206122865e+00
4.413894085612607654e+00
4.413980678306045569e+00
4.415148994991543674e+00
4.415706921455538669e+00
4.415958329631915369e+00
4.417150457140026631e+00
4.417499099259215356e+00
4.418616403454050712e+00
4.418950520605852361e+00
4.420654856223224627e+00
4.421029337581961371e+00
4.421087468905153806e+00
4.421467447070380530e+00
4.422937861957144001e+00
4.425020909505602340e+00
4.425471956962972797e+00
4.429368705544233897e+00
4.431512874135594693e+00
4.431554409744918210e+00
4.432511831524684531e+00
4.433300192107250126e+00
4.435079394249268780e+00
4.437645215976779411e+00
4.437659375580230048e+00
4.438324442680260162e+00
4.439378331593853311e+00
4.439399809975530964e+00
4.439644869878716982e+00
4.440783976267622890e+00
4.441030748780074866e+00
4.444112313874371445e+00
4.445497888619334148e+00
4.446111904314769880e+00
4.447356688376951084e+00
4.448883013872436898e+00
4.449520962721865480e+00
4.450537247559591236e+00
4.452952805145614867e+00
4.453038520065595307e+00
4.453159486957558144e+00
4.453211987648000303e+00
4.453485493609274926e+00
4.453571507601593815e+00
4.455633769673543298e+00
4.456476567320073912e+00
4.459112560592498831e+00
4.461282610371686275e+00
4.461736976681181410e+00
4.464373648310579590e+00
4.465572325680198240e+00
4.465856098455101453e+00
4.466835682508786043e+00
4.467077823872441122e+00
4.468515876868667469e+00
4.470998491789272222e+00
4.472208581056451138e+00
4.473204627243571707e+00
4.476208130487790982e+00
4.476439350003842854e+00
4.476598167712017684e+00
4.477009696524235416e+00
4.477515897210160745e+00
4.478891450971207888e+00
4.483612762548131236e+00
4.484198209442090466e+00
4.486406326262054378e+00
4.490886330339022514e+00
4.490920931863114696e+00
4.491989962068387854e+00
4.492497604187152049e+00
4.495630423023607491e+00
4.496852206275559816e+00
4.497074101659320533e+00
4.500621797526191514e+00
4.502954126209697705e+00
4.505310212231540490e+00
4.507428173797248583e+00
4.507674392722297974e+00
4.509551401050101660e+00
4.511445451510568638e+00
4.512937100719788930e+00
4.520244292759475258e+00
4.521763133451529804e+00
4.522351848742662384e+00
4.523394663967668983e+00
4.523737863827241412e+00
4.524050815638271494e+00
4.524886827667323530e+00
4.525019355717545544e+00
4.525852309849782706e+00
4.529126896474330088e+00
4.529281084415536895e+00
4.529857710093640577e+00
4.530185219962047150e+00
4.530300120429783028e+00
4.535329386348523784e+00
4.535684126802575378e+00
4.538417560070593382e+00
4.538696138144186598e+00
4.540400519474887986e+00
4.542300044624924205e+00
4.548104844954163894e+00
4.548754901244202564e+00
4.551825335872539569e+00
4.554415367475264986e+00
4.555503873081688582e+00
4.558401353370864051e+00
4.558746557243755326e+00
4.560960353843392490e+00
4.562471204378862666e+00
4.562824853630538691e+00
4.564769614562643518e+00
4.565430899464528736e+00
4.567399064813200127e+00
4.569545716825505366e+00
4.572674718525052917e+00
4.575723215327439419e+00
4.576463882319849574e+00
4.580997880363711694e+00
4.581300266553539835e+00
4.582510816342090898e+00
4.582661762860928967e+00
4.585175307180475279e+00
4.585538314342001875e+00
4.590602479657761137e+00
4.592624148724183897e+00
4.597148547563753240e+00
4.597408843498424602e+00
4.598764393325140531e+00
4.598804799145685962e+00
4.601228438529347819e+00
4.601970366835814730e+00
4.602611866364398452e+00
4.602878575252907112e+00
4.604781082982945861e+00
4.605696216769544549e+00
4.608083164432439816e+00
4.608200837681680540e+00
4.609606570936067627e+00
4.610304660176404390e+00
4.611319459007422239e+00
4.612009921069704532e+00
4.612476210047404379e+00
4.613115268033886274e+00
4.617314706994933182e+00
4.617656541651199653e+00
4.617813894519403384e+00
4.619601071799741554e+00
4.620474813537327918e+00
4.620663936726811194e+00
4.625752536848060537e+00
4.625782498350436533e+00
4.626977036213255623e+00
4.627303504937600565e+00
4.633028510029538083e+00
4.635588715002924687e+00
4.638440478812040801e+00
4.638971238769266314e+00
4.640038122436378032e+00
4.641065025841817793e+00
4.641384025888107168e+00
