3.766604720671577144e+00
3.773574109073013272e+00
3.792216499536114949e+00
3.810034139598520220e+00
3.842301542088401245e+00
3.867695921114188806e+00
3.873958736717065143e+00
3.874937373566262000e+00
3.888109008783459775e+00
3.903521957833538725e+00
3.912471819116046579e+00
3.924937792680669446e+00
3.941357989978643506e+00
3.942714247780429115e+00
3.943460712022837544e+00
3.944470999432465153e+00
3.950377741151089417e+00
3.956977700712471346e+00
3.966598707740331076e+00
3.967866151665214502e+00
3.983620314558545594e+00
3.986955973072098036e+00
3.995144853200487400e+00
4.000850968162897203e+00
4.002513133888230712e+00
4.013230438207637363e+00
4.014457311341756984e+00
4.016387416968208335e+00
4.041413153933368640e+00
4.053409532162659978e+00
4.053856613286192179e+00
4.088036770520544039e+00
4.091494392609174469e+00
4.091715703313192343e+00
4.097354574341151690e+00
4.107919957299628777e+00
4.108199092842883537e+00
4.108827932848034159e+00
4.112935777716525187e+00
4.117187783134098389e+00
4.125374322531327742e+00
4.131041483748563614e+00
4.132679179035392281e+00
4.134724220837307840e+00
4.135319331389682773e+00
4.137659628853019633e+00
4.141212971665421350e+00
4.142262616289996480e+00
4.143319994962604724e+00
4.149224740206315154e+00
4.154303096714015098e+00
4.165646532214479336e+00
4.181004667593156476e+00
4.190980490223305210e+00
4.193107455955702001e+00
4.197495326109375924e+00
4.199264262318632035e+00
4.201016475323068100e+00
4.207208176134568767e+00
4.213545487831419578e+00
4.222314854346697288e+00
4.223543039767454488e+00
4.225226923879684016e+00
4.227950791566396305e+00
4.232505557316086353e+00
4.262002387515627433e+00
4.264939934171012581e+00
4.281014798194551219e+00
4.282668007531577281e+00
4.285498630831720668e+00
4.287189943989748286e+00
4.290045509827926651e+00
4.291063933198453029e+00
4.295348173783039236e+00
4.306113170259906475e+00
4.313633228925302099e+00
4.321499201742719620e+00
4.344750000442998861e+00
4.349506183140600335e+00
4.355451287376455483e+00
4.357609490143079967e+00
4.368474311931040965e+00
4.371714739500761837e+00
4.400214138483290682e+00
4.409148400904004284e+00
4.412043089339250379e+00
4.415715554445410085e+00
4.419021116229652435e+00
4.429146318681622674e+00
4.431213291689064526e+00
4.439121213904858365e+00
4.441945148248204411e+00
4.455622408281756819e+00
4.475103566541914546e+00
4.476292268706042243e+00
4.476778566603724308e+00
4.477749086587501814e+00
4.484279422540556226e+00
4.486325281406345233e+00
4.491163568005152484e+00
4.493003201356779108e+00
4.498534541918467689e+00
4.506786671437929215e+00
4.516373924890119795e+00
4.516442169243613414e+00
4.518065016348216112e+00
4.521526059027663358e+00
4.521561678018958474e+00
4.528014065260784982e+00
4.533859618246727230e+00
4.535666192522355367e+00
4.536105216346697944e+00
4.536346497638182207e+00
4.545514445644683654e+00
4.545615772729246551e+00
4.552210846989313886e+00
4.555428421145162332e+00
4.559626707994787864e+00
4.590131675881567119e+00
4.591516968309344193e+00
4.591774064793310295e+00
4.597632145668684167e+00
4.599959488685244402e+00
4.600146369660094159e+00
4.600934357134764952e+00
4.607941785039194826e+00
4.616096271937670359e+00
4.630165763025813064e+00
4.630501891365360834e+00
4.636454661156546031e+00
4.643649597868867218e+00
4.643833532692053012e+00
4.644716407949421644e+00
4.652505939894463260e+00
4.654256351211221165e+00
4.654783718664568859e+00
4.655128851555961234e+00
4.655777291749010338e+00
4.662348065909293737e+00
4.662824232632750032e+00
4.665445574147009999e+00
4.666399728011472625e+00
4.672432196945938365e+00
4.675764077585134793e+00
4.676513759193092312e+00
4.676596731771983428e+00
4.677287065403496591e+00
4.677366650732360576e+00
4.686371460068087913e+00
4.687829979857593976e+00
4.698010316629139815e+00
4.700050931870257465e+00
4.702438763143574008e+00
4.706967269145138744e+00
4.708829005511029564e+00
4.710127050431684559e+00
4.715584346860304699e+00
4.716641224695517387e+00
4.717736174346257805e+00
4.718773028999705410e+00
4.721466474084441423e+00
4.725462388585667917e+00
4.729342417317066172e+00
4.733044830180674012e+00
4.734755882957550455e+00
4.736548888014414871e+00
4.740514641060860512e+00
4.747336809496660592e+00
4.754892911578678216e+00
4.761433353011826242e+00
4.766220991766557447e+00
4.777827755052621583e+00
4.780651879331607290e+00
4.783219802284143007e+00
4.784964497535934669e+00
4.789400264424621412e+00
4.793711509145738958e+00
4.795624563689373510e+00
4.798508347620210834e+00
4.807949793436034014e+00
4.808064080250527894e+00
4.818898340959060000e+00
4.836276451394003750e+00
4.850640846500060555e+00
4.853490141260760282e+00
4.860041374661392410e+00
4.864532867424558482e+00
4.864782804157635532e+00
4.868275577355337447e+00
4.878611664755850619e+00
4.882867351302928149e+00
4.893742903615199147e+00
4.896136235828330463e+00
4.900543667526304326e+00
4.905053973964805358e+00
4.906842677118175011e+00
4.910604844034539340e+00
4.912503640753687506e+00
4.927096580915285351e+00
4.928607380308074326e+00
4.929376508842544524e+00
4.947959323523535069e+00
4.953812394146867248e+00
4.961413084537461771e+00
4.963415117813480215e+00
4.964617448635210373e+00
4.964760882777165207e+00
4.967375695853479378e+00
4.973773282457772282e+00
4.988734145254184682e+00
4.997220554002915094e+00
5.000202304601717884e+00
5.000243038671521312e+00
5.001827828204298498e+00
5.002875797208502284e+00
5.005299027692466929e+00
5.007082375334071855e+00
5.007254561033108509e+00
5.010659905512169665e+00
5.021119806492974291e+00
5.025227104356280172e+00
5.025244234855366088e+00
5.029600848806186519e+00
5.031829885223587873e+00
5.037529637145046202e+00
5.039489008194071751e+00
5.047532298779554338e+00
5.055990895951170572e+00
5.060899223976027983e+00
5.061827828207055902e+00
5.067331154657455095e+00
5.070363566349793238e+00
5.077357504365938468e+00
5.084610504136088949e+00
5.085160119474395835e+00
5.085620896178729922e+00
5.096065102617719056e+00
5.100930639606764849e+00
5.101979757451976738e+00
5.109543334084023947e+00
5.125056351451071635e+00
5.125137679783764000e+00
5.126479988723095182e+00
5.133240063399408193e+00
5.134440401997944825e+00
5.134707006951897412e+00
5.136479538955236457e+00
5.141745545639928139e+00
5.144867641223630272e+00
5.153116363961864899e+00
5.158866963486493873e+00
5.160217462198597005e+00
5.161065178480494176e+00
5.163410778200391960e+00
5.164138207030443795e+00
5.164149981702818692e+00
5.166399705560779765e+00
5.172655437160162073e+00
5.179176474012287201e+00
5.183238877080495577e+00
5.184958726159818454e+00
5.202179958941882454e+00
5.207826405659593760e+00
5.210652428723958174e+00
5.211068086532616661e+00
5.211529506458844274e+00
5.219314557633090601e+00
5.219444095809083528e+00
5.220274891966286468e+00
5.235538824570943106e+00
5.237959520635773636e+00
5.237963901260975774e+00
5.240423514954213324e+00
5.245179154073566608e+00
5.245905532636614410e+00
5.247299224504151205e+00
5.262582785524295481e+00
5.264230128111848650e+00
5.267075397701797890e+00
5.267568335481577435e+00
5.269110007989939781e+00
5.269368664344614039e+00
5.270747438043354549e+00
5.279978638435704141e+00
5.284693158279032410e+00
5.286714802715025918e+00
5.303535608653839439e+00
5.312889312269101438e+00
5.324709250134255889e+00
5.325037610435507496e+00
5.335790893346014307e+00
5.336279392690779666e+00
5.337313415835699182e+00
5.346917687796404195e+00
5.348760249442299219e+00
5.351470745381767813e+00
5.351522041610689229e+00
5.352268709705896299e+00
5.354325433425743519e+00
5.360951447516574930e+00
5.363511444729830657e+00
5.367685436389909803e+00
5.367753541304662868e+00
5.371963237772372501e+00
5.374054018412931732e+00
5.376973611669806807e+00
5.379136796324677228e+00
5.381548906928705911e+00
5.382554866360833579e+00
5.386202300399872023e+00
5.387819560401347019e+00
5.389335648010923130e+00
5.392161568172226360e+00
5.400136041124548036e+00
5.401391130041282906e+00
5.416187226142207933e+00
5.416212480633047832e+00
5.418993150722643648e+00
5.427645620799781412e+00
5.439560379450772309e+00
5.441953276721856803e+00
5.446854442995573642e+00
5.450152544656138964e+00
5.450964561809774622e+00
5.451558206217528735e+00
5.459626906816692937e+00
5.461192080567672136e+00
5.475668719127727790e+00
5.480613694470649833e+00
5.482573469813602607e+00
5.485895001397310899e+00
5.486198268292235447e+00
5.496314002808553312e+00
5.499857826848401743e+00
5.504633296898026273e+00
5.504914045635527664e+00
5.506367686869909406e+00
5.507410948562760922e+00
5.511748427011423423e+00
5.527740235761191556e+00
5.529979486139278144e+00
5.538350742764769130e+00
5.539222535343892417e+00
5.543948542546792702e+00
5.545229461567694251e+00
5.545822499569772468e+00
5.551109510945654080e+00
5.555616200861702936e+00
5.558478180918606348e+00
5.561149564243439869e+00
5.569735792366572014e+00
5.570605084279210750e+00
5.582140551663016481e+00
5.583738015697778501e+00
5.591897264785065325e+00
5.596077656197304684e+00
5.596922045990705641e+00
5.600750978492394339e+00
5.603051306464464254e+00
5.612895425866549992e+00
5.613235894261277004e+00
5.618984555825311311e+00
5.624749000739968530e+00
5.631306727307570981e+00
5.636166452843906605e+00
5.636308088418173767e+00
5.636757374542198384e+00
5.640590641359414015e+00
5.644382794509160917e+00
5.650804802730998944e+00
5.651206397183170971e+00
5.653066653753932691e+00
5.656134461042772621e+00
5.656544828474556752e+00
5.657686935565005903e+00
5.659114169290258012e+00
5.662397517061506846e+00
5.666276634261764755e+00
5.667787772212005137e+00
5.684029410986036979e+00
5.690699255237685605e+00
5.692392285394618945e+00
5.692918527558938457e+00
5.695350796311839936e+00
5.695443720757478623e+00
5.695654247184172014e+00
5.702264743870616215e+00
5.706661046780955537e+00
5.709206683060277676e+00
5.709417040761529449e+00
5.712802734453781284e+00
5.725393134678288476e+00
5.726912605006844181e+00
5.728472850632292612e+00
5.735253351351601303e+00
5.735538357162905498e+00
5.741399110925847538e+00
5.747172035024489922e+00
5.750599167029242231e+00
5.751247229195904254e+00
5.751917442434971051e+00
5.753153671423122617e+00
5.760184829781116456e+00
5.761515061356092815e+00
5.765572842574181678e+00
5.765619212772383761e+00
5.773136531237534896e+00
5.779137817897222362e+00
5.780528327217748341e+00
5.784962614487204391e+00
5.785581280184476149e+00
5.791345102804692502e+00
5.791689514176459497e+00
5.795472259985466223e+00
5.796964307474474332e+00
5.798858570854856787e+00
5.801194181806580197e+00
5.801289241606469638e+00
5.804658321805168164e+00
5.812572482343832725e+00
5.815333819803277571e+00
5.821447639262624207e+00
5.826458565446626103e+00
5.835765332617513401e+00
5.838660497566758423e+00
5.842315913181284515e+00
5.844175803733149266e+00
5.844631713718229982e+00
5.845036142668764256e+00
5.846327624266366207e+00
5.852172551235031328e+00
5.852553627154809313e+00
5.853343451910792083e+00
5.854586271012340859e+00
5.856030741032359543e+00
5.857670351156927246e+00
5.859076799608390118e+00
5.861749021649551139e+00
5.861899623645183688e+00
5.864064719319357799e+00
5.864349495772819942e+00
5.865105311229430463e+00
5.869517973675785427e+00
5.869848282772086812e+00
5.880045328477408795e+00
5.881759708860976765e+00
5.894521042584107029e+00
5.896029920026402138e+00
5.897921580145995435e+00
5.903274728200749166e+00
5.913133148078793866e+00
5.921617179191301261e+00
5.926865246231256990e+00
5.932040033693785297e+00
5.942567547008422046e+00
5.949622571140695371e+00
5.950811268957364675e+00
5.959219783193542064e+00
5.966258718634382952e+00
5.967230805701984941e+00
5.974085506807387702e+00
5.974924862291057792e+00
5.977579547265514215e+00
5.979234312655720807e+00
5.985374545383999489e+00
5.986893072492202705e+00
5.998550097776070622e+00
5.999904765624341607e+00
6.004810396233631664e+00
6.014254910828480405e+00
6.016094006403507777e+00
6.018710434204502135e+00
6.021634827129370926e+00
6.023452181523307303e+00
6.030104979628769790e+00
6.030271937426554096e+00
6.043190320887906530e+00
6.044420663701813190e+00
6.053868477662283532e+00
6.056156547691713854e+00
6.060263037573797362e+00
6.066108542264784020e+00
6.067324167401038970e+00
6.071813814031250978e+00
6.082923777609783755e+00
6.092869854453921263e+00
6.096167953882116741e+00
6.100331852301031255e+00
6.103529145908637155e+00
6.108412599526331199e+00
6.110227052447452678e+00
6.114444687773364251e+00
6.116962180912027591e+00
6.118140858729362641e+00
6.122807572057633152e+00
6.131582322402376661e+00
6.140373335713610103e+00
6.142919658101301472e+00
6.146339618007289118e+00
6.153579017494512193e+00
6.153905750538800845e+00
6.157757574261846223e+00
6.160019803904773106e+00
6.161624915291337601e+00
6.163016712049945056e+00
6.167851000888361135e+00
6.178844526426687800e+00
6.181920959649663594e+00
6.184765771487553465e+00
6.185094008248057662e+00
6.189561358886110476e+00
6.192790121894023336e+00
6.201748432510711950e+00
6.204742436414213635e+00
6.207071387466615242e+00
6.207192981625055062e+00
6.208511960353886749e+00
6.209561437375327841e+00
6.209588934181012654e+00
6.218855445283382188e+00
6.223315335481775179e+00
6.223439715599599964e+00
6.229931139138780161e+00
6.242360150623511572e+00
6.258326262339545032e+00
6.260648431876434827e+00
6.263987732324930668e+00
6.268180788482411003e+00
6.269156182835209812e+00
6.270528255260193973e+00
6.271827903169495677e+00
6.284865250425016647e+00
6.295433930327787309e+00
6.296114376934928814e+00
6.299731043269785502e+00
6.309801287133860015e+00
6.315614483984290040e+00
6.333041718924345531e+00
6.335363717457457966e+00
6.338097906763224820e+00
6.348844094166464558e+00
6.352798004338347404e+00
6.356992865913703383e+00
6.362464152218827884e+00
6.369233410737497714e+00
6.373137544543941324e+00
6.375268839593977610e+00
6.379378835532428127e+00
6.387048559483746502e+00
6.389253792353239092e+00
6.398591550285981810e+00
6.398853363793260307e+00
6.426954768155731301e+00
6.440197766865201068e+00
6.445552700793174772e+00
6.448867779476989526e+00
6.457480230349512240e+00
6.484164899882240540e+00
6.485805639516184051e+00
6.486700746592444666e+00
6.493117252319723143e+00
6.502259294803508283e+00
6.512473702284450106e+00
6.517159970545087333e+00
6.517818523068658720e+00
6.523738942736020618e+00
6.534666973472230467e+00
6.535656331063361968e+00
6.541905372843181965e+00
6.542439012884829097e+00
6.551736362550403037e+00
6.552996891398885637e+00
6.556715855838589846e+00
6.569216131155129368e+00
6.569609989739753075e+00
6.576089934821141014e+00
6.597581099749357136e+00
6.602650754077183493e+00
6.617347440315917595e+00
6.620710225812928229e+00
6.628106215907363818e+00
6.638006682998017105e+00
6.645439185634508306e+00
6.647744260419702123e+00
6.647832196476497479e+00
6.649797591386970907e+00
6.652447111413314573e+00
6.656087797878477375e+00
6.665323341480933195e+00
6.665588486899459930e+00
6.668710500641219951e+00
6.675957144487732364e+00
6.676505685731655149e+00
6.679332120511915605e+00
6.686821640653749732e+00
6.699014172801441624e+00
6.700058128551237502e+00
6.700709754712372401e+00
6.700934559100817367e+00
6.711432122377880560e+00
6.744110120392801555e+00
6.750402858907535553e+00
6.751346166441679841e+00
6.757439869689516598e+00
6.759360433346699892e+00
6.766408955678218540e+00
6.770449627853712293e+00
6.778021039556492155e+00
6.778465069387351605e+00
6.808577070737975134e+00
6.808705718353144754e+00
6.816049218163910517e+00
6.817168419330077000e+00
6.818221964945772484e+00
6.829883883578335535e+00
6.837239217365134181e+00
6.845374202002339814e+00
6.854176215826731422e+00
6.859718705606055345e+00
6.864683273781639450e+00
6.867670958663767422e+00
6.871337738805890716e+00
6.885461265232479811e+00
6.887814913177945364e+00
6.890961052897116801e+00
6.891197075239403169e+00
6.903830000583220716e+00
6.906195287454959697e+00
6.913649047460618036e+00
6.918445507293105479e+00
6.923198943835108032e+00
6.927553578663998124e+00
6.930083885995351523e+00
6.931727713777734223e+00
6.935046404154945776e+00
6.938278436770438873e+00
6.948167129769552197e+00
6.948871868815876596e+00
6.955418004906656293e+00
6.966192538127963019e+00
6.987227841959692043e+00
6.995281122045475364e+00
7.016424901932648339e+00
7.021628186014630124e+00
7.036335133935135211e+00
7.044536863557778084e+00
7.053376817421669998e+00
7.067172020162047374e+00
7.067962705842171900e+00
7.069923663704310357e+00
7.071293380359003677e+00
7.081641013372660609e+00
7.084789975249436544e+00
7.104193337536307773e+00
7.107136279027461256e+00
7.108605901915813874e+00
7.151302135062510779e+00
7.162113445417310764e+00
7.162365882740313161e+00
7.187883860484188148e+00
7.192058900351099737e+00
7.194144994552146954e+00
7.213787304568567649e+00
7.214566428138495802e+00
7.221887966036247164e+00
7.237491215429808555e+00
7.237953135688459660e+00
7.242550861815106877e+00
7.245761340431432274e+00
7.250529354715381736e+00
7.251204880615971682e+00
7.256472208811219460e+00
7.257994565383297569e+00
7.264344855762993269e+00
7.272548060523019942e+00
7.289183727530318180e+00
7.291956381107565832e+00
7.295783804667046901e+00
7.297844662620442513e+00
7.312374614378192916e+00
7.326821743992173452e+00
7.332216174140071985e+00
7.348571251160897155e+00
7.357580039955994522e+00
7.358250633300730925e+00
7.360295621106767605e+00
7.378485116152746492e+00
7.381134707472736700e+00
7.392561572085146082e+00
7.406367065415020434e+00
7.409411128978756977e+00
7.417262482153699210e+00
7.430340335927790640e+00
7.445225733205921514e+00
7.450520604753975817e+00
7.452566233706797050e+00
7.453595591658151776e+00
7.455227531509114769e+00
7.461925518101281796e+00
7.476562418596305548e+00
7.480825561990308792e+00
7.496837922942697574e+00
7.499150730653437513e+00
7.500138736213349588e+00
7.505512152857193087e+00
7.507988090585224761e+00
7.525238777664434053e+00
7.533101960940132180e+00
7.550230685725828117e+00
7.586362777637044807e+00
7.598665554659156385e+00
7.603608666730322874e+00
7.622591238023721516e+00
7.622676946073847049e+00
7.626377779398306522e+00
7.646408652754540292e+00
7.653597907871009909e+00
7.657712330569169445e+00
7.663677460138643482e+00
7.667723238092857940e+00
7.703970265704231046e+00
7.715352066535713149e+00
7.715475540793247156e+00
7.727690344240892628e+00
7.730459599263543424e+00
7.732427601734053191e+00
7.739525743772516009e+00
7.740427123925353037e+00
7.753996768976010756e+00
7.756859848149744607e+00
7.760900740597171499e+00
7.764384777557369333e+00
7.767207547339983087e+00
7.786107597152921223e+00
7.797864776361221217e+00
7.799000193098819089e+00
7.816155861250260628e+00
7.821609328412954198e+00
7.825885049591113862e+00
7.833786988368267146e+00
7.839372462553614973e+00
7.850279835657848260e+00
7.854631553034807645e+00
7.878674874616778290e+00
7.891267211514819024e+00
7.912786014435162940e+00
7.913966901864641024e+00
7.926624439206739758e+00
7.929254239670957105e+00
7.936797646168892051e+00
7.953531685160186271e+00
7.961206314517456306e+00
7.967213375097566441e+00
7.968018853657976130e+00
7.997508766687673187e+00
8.026564511808054192e+00
8.026709958771190756e+00
