6.303617349407748982e+00
6.320112483278966131e+00
6.331440142035509311e+00
6.332716930082018081e+00
6.354354275183915490e+00
6.359464735797978108e+00
6.387100365486632292e+00
6.387293648026731496e+00
6.388022899696654378e+00
6.396759353028000028e+00
6.398527025073399876e+00
6.401160804644751678e+00
6.401940311540523787e+00
6.407748426702883471e+00
6.435978861353053304e+00
6.437095187622470682e+00
6.448225811787516193e+00
6.468234967256405454e+00
6.473827616400519069e+00
6.511307689972563040e+00
6.512240332765322215e+00
6.534267262716894287e+00
6.566318733345135605e+00
6.570136065591835717e+00
6.576200863914962724e+00
6.577520364940927067e+00
6.584682512835517976e+00
6.587721024239730383e+00
6.587886668328345685e+00
6.597025624257395471e+00
6.610854879402775275e+00
6.636849206690046188e+00
6.637650125892669450e+00
6.664562552631499770e+00
6.675992711657461776e+00
6.681380123456613696e+00
6.688619062584086450e+00
6.694893277175852475e+00
6.695606003486544111e+00
6.695814109831364824e+00
6.699279721192038295e+00
6.732914148135630938e+00
6.743827616508057510e+00
6.755496530435892488e+00
6.757814345433658332e+00
6.774723128960651763e+00
6.776982094175803439e+00
6.810584942656903173e+00
6.827755807246564501e+00
6.829189028089540869e+00
6.833112241587036451e+00
6.840080436857500779e+00
6.841498408723698965e+00
6.849271052497931223e+00
6.854188733286548540e+00
6.866456641083102497e+00
6.877691872270641049e+00
6.910344990381941166e+00
6.913077366666795065e+00
6.913539185723322156e+00
6.924607851637865075e+00
6.926289894557622340e+00
6.992253279922010734e+00
6.992943664365199652e+00
6.993072340101910811e+00
6.993208475995306372e+00
6.997439487186272622e+00
7.004285675020820889e+00
7.023437097249258798e+00
7.026058123733126770e+00
7.027138321412868649e+00
7.031380883098098167e+00
7.039015998899904147e+00
7.042744904829616459e+00
7.048851143143503251e+00
7.054369219042539996e+00
7.083019797926281669e+00
7.091275787314335943e+00
7.094731253152441575e+00
7.097077964602726219e+00
7.097572468888793118e+00
7.099669565659319836e+00
7.104971856915143213e+00
7.109555316814586412e+00
7.117263286490675966e+00
7.127150726305937489e+00
7.127491715777348524e+00
7.162424640621406269e+00
7.168368580034958804e+00
7.179688678506225941e+00
7.183907307051692115e+00
7.208073984351757169e+00
7.225172339061291638e+00
7.232872577614788412e+00
7.251231208575697806e+00
7.253900401156681887e+00
7.263954614074745741e+00
7.275897382854123130e+00
7.339349418942745729e+00
7.360671951245267408e+00
7.365530403682271299e+00
7.367432009580390684e+00
7.378492230828517684e+00
7.395382161844670676e+00
7.397298745023842770e+00
7.400544551068361621e+00
7.402452899304980072e+00
7.428036744922285273e+00
7.440509532628983180e+00
7.450026725700181096e+00
7.492878012675549648e+00
7.520512653286714588e+00
7.520902553541881197e+00
7.525306080788881857e+00
7.529872661201210349e+00
7.537590887167535669e+00
7.553887963682776707e+00
7.559237930422433749e+00
7.574151166893750897e+00
7.586267344202703100e+00
7.639030135905681362e+00
7.666300435672465774e+00
7.672063837937235675e+00
7.672589585703796011e+00
7.672936819909735640e+00
7.679172956285106544e+00
7.682135374785042714e+00
7.684511685569879624e+00
7.700994487270262923e+00
7.703960890362011149e+00
7.706566697197807514e+00
7.709358404315010738e+00
7.709486841567546378e+00
7.711312456307078733e+00
7.717049253950454712e+00
7.727342326713554144e+00
7.730475850983689945e+00
7.732931783787075908e+00
7.739798622266713224e+00
7.762543626500248095e+00
7.784034173254195110e+00
7.796680824204559102e+00
7.808520839971901495e+00
7.813385451223820333e+00
7.813653808364694697e+00
7.833014083717669607e+00
7.843855580386778215e+00
7.845118035236739118e+00
7.847545793835086769e+00
7.855582760276529797e+00
7.861741681276626537e+00
7.864485737222676853e+00
7.881480505671312642e+00
7.892431404445965804e+00
7.926534555932718717e+00
7.933841698770118356e+00
7.941636022423694818e+00
7.943347874499016470e+00
7.962853208715016784e+00
7.963554485385569315e+00
7.964626725415545394e+00
7.969562535921751234e+00
8.010315364639843949e+00
8.020241693634449831e+00
8.026366447767546930e+00
8.042754033647680600e+00
8.061571964247882249e+00
8.073585345686435488e+00
8.076859893378347977e+00
8.080894607581379674e+00
8.081791469509894910e+00
8.083093525672543578e+00
8.087058454966403076e+00
8.088669599185468684e+00
8.089794226951587675e+00
8.090463479631749166e+00
8.092644368471137994e+00
8.093363793053191202e+00
8.099483992303120772e+00
8.120223341435698572e+00
8.134513866738901200e+00
8.139681699521453595e+00
8.139685902812878737e+00
8.142646542141154242e+00
8.143647107662214779e+00
8.143710209030048830e+00
8.146716226389095539e+00
8.153455259081116679e+00
8.153612043213840366e+00
8.160380857885609629e+00
8.170471503618150777e+00
8.176752151497915122e+00
8.183513009905839297e+00
8.200550552756808997e+00
8.201005461054791112e+00
8.204516390813603621e+00
8.204768835919569625e+00
8.211967444906797198e+00
8.214129971740526059e+00
8.215371445308306875e+00
8.223955977385054794e+00
8.227594237896992624e+00
8.229048998413894367e+00
8.230459600967245493e+00
8.236016311489917641e+00
8.244743380810103162e+00
8.248483252524298592e+00
8.273665120006329587e+00
8.275110191659772241e+00
8.275168035831120150e+00
8.282673337507286959e+00
8.283922311471414446e+00
8.289621704092860810e+00
8.291695241589476240e+00
8.305005554740205298e+00
8.326863656472053066e+00
8.327293655122318228e+00
8.333540463187862457e+00
8.339202294610457145e+00
8.358988750525776723e+00
8.362732003595450436e+00
8.366266946212085998e+00
8.371876655184257388e+00
8.377832031734014251e+00
8.400287146742448030e+00
8.403541759636867781e+00
8.407608828167777659e+00
8.415356682244944153e+00
8.423084185232069032e+00
8.427726034154625623e+00
8.452565051753211378e+00
8.467937961486615706e+00
8.486678852574280896e+00
8.498731993418449093e+00
8.498755802534125436e+00
8.505434195318667179e+00
8.511772604396638187e+00
8.511916871978899124e+00
8.514377906313574940e+00
8.519910312172005007e+00
8.529151161871313391e+00
8.536127874400623483e+00
8.538821908468428035e+00
8.540192604133434173e+00
8.540774940077701771e+00
8.547499200251499119e+00
8.550167497745293943e+00
8.559934518110125623e+00
8.567243364101646108e+00
8.579497348836895299e+00
8.587160411922845071e+00
8.592328552903339300e+00
8.596581732975666412e+00
8.616728311767140269e+00
8.617184802293635926e+00
8.619474649646601705e+00
8.634153918467974975e+00
8.635307784353543070e+00
8.640853808887550613e+00
8.643198921972450322e+00
8.645979776387690663e+00
8.673229962597316600e+00
8.674220585797526084e+00
8.677743758528292162e+00
8.681432101221849607e+00
8.684938038325775267e+00
8.702007283592372744e+00
8.703634665553265037e+00
8.704286159897074882e+00
8.712316837068051711e+00
8.731245483153003306e+00
8.732807218024566609e+00
8.733639296089812376e+00
8.733827725661303276e+00
8.734712817303760701e+00
8.752465847321911241e+00
8.758789596262541721e+00
8.760088686107675215e+00
8.762352149090229858e+00
8.779247358151730296e+00
8.792389700408683950e+00
8.794799375845622436e+00
8.799128885459554184e+00
8.807208532720679273e+00
8.807943674613058604e+00
8.809455931553694441e+00
8.809984531751890557e+00
8.810800706716735320e+00
8.813330219029991142e+00
8.820620688698545209e+00
8.829758498788697452e+00
8.831126300599020595e+00
8.836717427716230588e+00
8.840127951239741932e+00
8.841488532032398595e+00
8.844660204310587304e+00
8.855903638843743764e+00
8.861326094192104819e+00
8.863163567636616946e+00
8.869582438552319203e+00
8.870056758470406422e+00
8.871912487050574114e+00
8.877053797587686645e+00
8.884738600024208566e+00
8.893862595552301187e+00
8.896402962827528071e+00
8.902550959061343860e+00
8.908186127248415076e+00
8.908709848284415145e+00
8.910629750480531186e+00
8.916521923534016736e+00
8.918390869174317004e+00
8.919517108654181570e+00
8.930534028001101632e+00
8.931599089321213825e+00
8.936679726245259303e+00
8.943810038141789320e+00
8.946748011391340683e+00
8.948593814165722193e+00
8.951653836643673756e+00
8.952565970107068338e+00
8.956249637466539681e+00
8.979634237928625140e+00
8.984053663739452134e+00
8.984669371359773393e+00
8.985738881135620915e+00
8.987771477521347308e+00
8.994692596601343126e+00
9.000550075575663556e+00
9.004355971184688556e+00
9.005166090314340011e+00
9.007748174186231083e+00
9.010652108927647674e+00
9.025675733251405930e+00
9.026600361659228966e+00
9.033102208611651918e+00
9.045418751327868989e+00
9.045477447608202937e+00
9.045609869118502289e+00
9.047177196420770784e+00
9.050120501479586466e+00
9.051154984444428564e+00
9.052623297360698373e+00
9.061453399118406082e+00
9.070617533089517792e+00
9.074545583682095184e+00
9.076806667874516066e+00
9.077315417831218980e+00
9.090287190286373331e+00
9.090699255330379813e+00
9.091713029638409438e+00
9.091743632450084434e+00
9.100309615114623440e+00
9.106128315500541248e+00
9.109282672279816140e+00
9.111672717090213425e+00
9.112539070646867856e+00
9.112630116299456517e+00
9.116707129167835433e+00
9.118646002006915552e+00
9.120374300233132558e+00
9.121778059407088080e+00
9.124259716452165492e+00
9.126191183351993530e+00
9.131182906087904172e+00
9.138535453784792040e+00
9.140994845550865833e+00
9.143480229203921894e+00
9.149608069145832800e+00
9.149826658517836719e+00
9.153447070061060842e+00
9.157928124479424170e+00
9.159897722827556876e+00
9.163096385699001090e+00
9.175348476845362811e+00
9.178006722161054398e+00
9.183243653682511720e+00
9.184824797613352132e+00
9.184883667035682819e+00
9.190128419750280386e+00
9.200158276523753287e+00
9.204662997595450591e+00
9.207722049574771361e+00
9.212657095191435275e+00
9.215748766314927565e+00
9.221596247025431126e+00
9.221646778514410059e+00
9.224227905575386188e+00
9.231993321589612833e+00
9.245597048218185066e+00
9.249931008061180293e+00
9.251098567267673545e+00
9.254368036366475536e+00
9.254523081369210757e+00
9.263770625046102936e+00
9.267334477708516260e+00
9.274060579375598579e+00
9.275279819948345050e+00
9.277811325709862444e+00
9.278342079227380523e+00
9.287840316114312600e+00
9.294579887286815278e+00
9.297857452024194558e+00
9.300530023961533388e+00
9.303140926937905064e+00
9.303167340934132667e+00
9.308127903185702934e+00
9.319510688811041277e+00
9.322367245053571949e+00
9.327504992966458630e+00
9.329364707143218638e+00
9.341420782047380911e+00
9.345070080865131246e+00
9.346983280598047727e+00
9.349482246464155821e+00
9.351783546604744757e+00
9.356500871343484960e+00
9.368748999986094006e+00
9.373142320249533199e+00
9.377933748012450721e+00
9.384116976443607427e+00
9.388659919066462578e+00
9.396460681931010583e+00
9.397865472782566343e+00
9.406556067757815498e+00
9.406881255748334780e+00
9.422519611619328828e+00
9.429192352396217558e+00
9.431994510032437162e+00
9.436987494638094276e+00
9.442743047425059544e+00
9.446764773648954616e+00
9.449307734504206024e+00
9.457255786049380220e+00
9.460623032082610351e+00
9.471774889830520294e+00
9.477835512771944693e+00
9.479070035136789585e+00
9.489674413960150545e+00
9.491000839315207216e+00
9.497846575487496779e+00
9.512418812443101501e+00
9.515717919304492511e+00
9.519047126145737892e+00
9.519964378194607946e+00
9.522566455747636383e+00
9.528295804593623686e+00
9.533364034652871410e+00
9.533426472560009302e+00
9.536982444370480039e+00
9.542152133057758334e+00
9.542183608280867091e+00
9.547246689777772133e+00
9.548579101074009756e+00
9.554972236233625793e+00
9.555919512521722226e+00
9.557733259063439846e+00
9.560132468720984988e+00
9.561768553158504602e+00
9.564060889082663053e+00
9.593123804709284386e+00
9.593738835266243825e+00
9.610023142374773286e+00
9.615719480162875143e+00
9.618606976271022901e+00
9.628993998534413734e+00
9.629290419699122694e+00
9.641643759271218528e+00
9.643644647674250336e+00
9.644529506790501472e+00
9.646006067484954372e+00
9.648588073633220574e+00
9.652770585445459517e+00
9.653105575562630492e+00
9.654102727096155689e+00
9.654709116252591983e+00
9.658912419624982704e+00
9.661957989062088359e+00
9.663443318011548655e+00
9.664074088203680191e+00
9.665231462282319441e+00
9.667683081331709616e+00
9.683647767561124553e+00
9.693760292056175842e+00
9.699329717342980217e+00
9.701788363732820386e+00
9.708011212004507229e+00
9.717683330259120567e+00
9.720309858613216392e+00
9.720560694450616879e+00
9.721873644777542012e+00
9.724361259740145869e+00
9.727517525460044112e+00
9.727927043628701753e+00
9.728037755716947288e+00
9.729939315875640204e+00
9.733724939525712827e+00
9.735561583069170410e+00
9.739650927985334050e+00
9.743435788433906453e+00
9.748641189100313298e+00
9.748765695350789073e+00
9.751730274009421606e+00
9.752740587173168052e+00
9.755325525993551850e+00
9.766508543148560761e+00
9.777856622161392508e+00
9.813632151593058239e+00
9.814774996440219113e+00
9.818818696453831762e+00
9.821114780489205387e+00
9.828578212468752184e+00
9.837444883223064096e+00
9.847095977479790818e+00
9.848206413166881390e+00
9.848889009661419891e+00
9.849621242145929045e+00
9.852096836343543274e+00
9.856686481698107016e+00
9.864056556521546781e+00
9.864152279154193792e+00
9.864935136759575229e+00
9.870796336673954841e+00
9.873732927213699995e+00
9.878448224011808776e+00
9.880702953035038760e+00
9.885748204345913948e+00
9.894864198186464677e+00
9.894896903920617603e+00
9.896816478642735504e+00
9.897165602755322311e+00
9.903253345064268132e+00
9.931008282030495238e+00
9.934064263852450338e+00
9.937897109260463324e+00
9.941596368384658433e+00
9.943493439979901538e+00
9.948907945804863928e+00
9.951821123336387132e+00
9.954237860441544683e+00
9.958222040589857826e+00
9.989910888080435925e+00
9.995035067257848738e+00
9.996350140979805232e+00
1.000622257441280105e+01
1.000738713459013063e+01
1.001713915721130554e+01
1.001827647404619981e+01
1.001989711810878525e+01
1.002437213617300671e+01
1.002450965084553580e+01
1.002734007841323738e+01
1.003419591713042180e+01
1.004370999935286513e+01
1.004493486997462171e+01
1.004923339089870993e+01
1.005098003376453164e+01
1.005233650743848628e+01
1.005696500012120786e+01
1.006767920587333620e+01
1.006880534069897237e+01
1.007236362074733194e+01
1.007304867864865727e+01
1.007835879308125193e+01
1.010931478644440773e+01
1.011087834268326979e+01
1.012614278494741349e+01
1.013003701822231051e+01
1.013252701069030159e+01
1.015129028524708055e+01
1.015428675875150333e+01
1.015485094570503577e+01
1.015718836929676172e+01
1.017196333759347304e+01
1.017434493166020992e+01
1.017583640417582203e+01
1.019209326284674866e+01
1.021626329066432781e+01
1.024498124843558067e+01
1.024731547328447867e+01
1.025042713606435640e+01
1.025268078420514684e+01
1.025352711416582530e+01
1.025623715534650415e+01
1.026796458353452124e+01
1.027548915748684877e+01
1.027785584768378158e+01
1.028813386412669395e+01
1.029357228986966000e+01
1.029509976212438183e+01
1.029639518232253614e+01
1.030273891309177259e+01
1.030612073545480634e+01
1.031789623721579652e+01
1.031790280364113599e+01
1.032123401730805945e+01
1.032302483081037003e+01
1.032315268427917587e+01
1.032372188148368330e+01
1.033138912914962226e+01
1.033802226967369542e+01
1.033808739936905674e+01
1.034593599468383118e+01
1.036012455412546984e+01
1.036594926357687108e+01
1.037398465292651650e+01
1.038128961690818741e+01
1.038145398422517829e+01
1.039775415599195263e+01
1.041077694692697797e+01
1.041958846141208817e+01
1.043432907055268721e+01
1.044400279070777238e+01
1.046029878211190756e+01
1.046396950735994125e+01
1.046656326379788382e+01
1.047003848095566703e+01
1.047076320940585958e+01
1.047234798795691013e+01
1.047391750302782043e+01
1.048768379586244492e+01
1.049058149150478236e+01
1.049309881514693110e+01
1.052148440239194116e+01
1.053199987638920021e+01
1.053302779853795634e+01
1.053427414990775368e+01
1.054371685304736417e+01
1.056022281661548590e+01
1.056260216495634374e+01
1.059262399443508507e+01
1.061723033807778727e+01
1.062455913838331689e+01
1.064216819616198784e+01
1.065272794954862690e+01
1.066449446423479586e+01
1.067109247185995180e+01
1.067743719879610964e+01
1.068447704021400035e+01
1.070025676927104463e+01
1.071092623383266051e+01
1.071144729474140256e+01
1.071812309355568793e+01
1.073444864825575884e+01
1.073761798870244455e+01
1.074870616675727319e+01
1.075629800962039084e+01
1.077140180663256075e+01
1.077878500720967025e+01
1.078161870152883139e+01
1.081407884218799076e+01
1.082122137757977320e+01
1.084640973672401643e+01
1.085020418660140784e+01
1.085496721579893986e+01
1.087097530609623597e+01
1.088608391384548746e+01
1.089364509432360428e+01
1.092545221385705290e+01
1.094547758040772223e+01
1.096851456679581638e+01
1.097885632193793981e+01
1.098571492710903108e+01
1.098991982974287396e+01
1.099140304957947833e+01
1.101325090173277665e+01
1.103684751389926966e+01
1.104024042667543348e+01
1.106546840858267267e+01
1.106805102413007980e+01
1.107105867325624615e+01
1.107157909063451484e+01
1.107957808773214836e+01
1.108985061688577289e+01
1.109539297297287952e+01
1.111046145462682233e+01
1.111763146897718713e+01
1.112523011350462632e+01
1.113616560583745851e+01
1.113868300819581769e+01
1.114546505472879723e+01
1.115963715409563939e+01
1.116123913188215155e+01
1.117162885687211471e+01
1.119004537224687290e+01
1.119464186303396325e+01
1.122811269107288901e+01
1.124143961253509971e+01
1.124544626262416180e+01
1.125881488646970929e+01
1.126842226380703949e+01
1.126901868046281940e+01
1.127685213553823473e+01
1.128488647861165539e+01
1.130302966804148745e+01
1.131538660179811728e+01
1.133343907299910747e+01
1.134611317880795056e+01
1.135130444850019771e+01
1.137507493065840869e+01
1.141772004313741107e+01
1.142006157895862195e+01
1.144586511319208633e+01
1.144594233312466613e+01
1.147541921884152316e+01
1.149664440422752598e+01
1.150967319640019504e+01
1.151867135026419930e+01
