7.624601435086870715e+00
7.636937601090024508e+00
7.638721932745405674e+00
7.642207155394768137e+00
7.647132683600926129e+00
7.648407650723829221e+00
7.650687634346868826e+00
7.651072308845027869e+00
7.653330421103688330e+00
7.655170494981404339e+00
7.659572186737015898e+00
7.660565784014422341e+00
7.662433906942777817e+00
7.670114919043307999e+00
7.671593394775547026e+00
7.674093940294747895e+00
7.674931536752037431e+00
7.679987045978139193e+00
7.687079603092757729e+00
7.697746066776481655e+00
7.702648365160905897e+00
7.721251690318247540e+00
7.723206681328645296e+00
7.723250564502134097e+00
7.723922049440163029e+00
7.727050626201251049e+00
7.727390110754376984e+00
7.730542544485561329e+00
7.731761102187338253e+00
7.731855339520084414e+00
7.733307479818090080e+00
7.741139293186956927e+00
7.741588207411623124e+00
7.745744358018616715e+00
7.750761809657334744e+00
7.751025033043773327e+00
7.751147043099522627e+00
7.753528685077358595e+00
7.753917864682369654e+00
7.759003008253079869e+00
7.759069505103020070e+00
7.765516066725204780e+00
7.766104944046732683e+00
7.770428224286171748e+00
7.773314874987977241e+00
7.773671682154426499e+00
7.782905051468398838e+00
7.783243965928699382e+00
7.784429616061604662e+00
7.784626720801397504e+00
7.787524319879367773e+00
7.790572303270373311e+00
7.790872654705434996e+00
7.793129036589474090e+00
7.793854764872635066e+00
7.794124577646578622e+00
7.795434942530746980e+00
7.798562799179759253e+00
7.802140239421423651e+00
7.806073802888951363e+00
7.806341605075673762e+00
7.817719695717374684e+00
7.820685651366619418e+00
7.823429937834928793e+00
7.830091749967973414e+00
7.832838067410163418e+00
7.837615399263271776e+00
7.839669102089263042e+00
7.840814448386752566e+00
7.847702123290608789e+00
7.853048872749241127e+00
7.859941350119200365e+00
7.860356490189007950e+00
7.866949710824266973e+00
7.869924966640616582e+00
7.874439502235919264e+00
7.878446822845086572e+00
7.884400282110127556e+00
7.884461791295850119e+00
7.885826830097965257e+00
7.888768857282382641e+00
7.890146440987131804e+00
7.896318691422362868e+00
7.898414220994866675e+00
7.910509554285964917e+00
7.918000051472890988e+00
7.921282082135598479e+00
7.925419813664413837e+00
7.928201424702447042e+00
7.929716990841047419e+00
7.930272410308544906e+00
7.935906075082189481e+00
7.946090572486030013e+00
7.948193493416613187e+00
7.950855483849998961e+00
7.953734369262670967e+00
7.953889047081174724e+00
7.956415267373277089e+00
7.957012213552602020e+00
7.962085775401114951e+00
7.968595733430689165e+00
7.972204562032118247e+00
7.974480321884825251e+00
7.979358844193245481e+00
7.979461277574515954e+00
7.979877358501594742e+00
7.988154229973075005e+00
7.991272819417193141e+00
7.994870714059124417e+00
7.995032550906111091e+00
7.995691882398038963e+00
8.001904937092039205e+00
8.002454782838471559e+00
8.002555139034935650e+00
8.005143968130820298e+00
8.020307333799911120e+00
8.021762746814316003e+00
8.021783103182293928e+00
8.025159869127071133e+00
8.028499698087687264e+00
8.042044993998494817e+00
8.044791645372004751e+00
8.048750048855758621e+00
8.051948956397959378e+00
8.053847354633319355e+00
8.054103425360075619e+00
8.054572692357316654e+00
8.056138974200399261e+00
8.056346799535566205e+00
8.058276402828907337e+00
8.060189767042022169e+00
8.061161963182859935e+00
8.061800541745244075e+00
8.065435252556406809e+00
8.067550913805947133e+00
8.068424909736870987e+00
8.068534432622385566e+00
8.070206230600119213e+00
8.071049928920499994e+00
8.074193353111200011e+00
8.074805988784566679e+00
8.074849099455981616e+00
8.075113211023582593e+00
8.078031859418029370e+00
8.080258325848712175e+00
8.082143124105007459e+00
8.084085222636458568e+00
8.084166266288427494e+00
8.087242213671700597e+00
8.090715481563391265e+00
8.092058074066247997e+00
8.096319521625751747e+00
8.097730785466467296e+00
8.098322562132576508e+00
8.105321922030588766e+00
8.105596581265418266e+00
8.112876719683260518e+00
8.114549341138843630e+00
8.120668974941747109e+00
8.123548390071137604e+00
8.125871535079209451e+00
8.125895885180291600e+00
8.127060956515075318e+00
8.128383293641229912e+00
8.130567598788060124e+00
8.132382309285741684e+00
8.137518544236023388e+00
8.138999072902910470e+00
8.141565443866253915e+00
8.144873385614316064e+00
8.145500776104318774e+00
8.151172179349124747e+00
8.152177456716332316e+00
8.156437848449282768e+00
8.157309548009084921e+00
8.158154424212268552e+00
8.167081104634156929e+00
8.168727115717159037e+00
8.173875217094927592e+00
8.176131908945965421e+00
8.176364942786305434e+00
8.176879305038937673e+00
8.177054165716198142e+00
8.177129145671036881e+00
8.177426691446584073e+00
8.181577787201218754e+00
8.181893902770079663e+00
8.185134397997696709e+00
8.188733085721388250e+00
8.189226321170663070e+00
8.199541540912871795e+00
8.199776211361651690e+00
8.201491882187273319e+00
8.203763498616163830e+00
8.204520141816834311e+00
8.208770309277687360e+00
8.216682221074787407e+00
8.225210376589913608e+00
8.225527736442449722e+00
8.225717129263449223e+00
8.227558872675754031e+00
8.229992614846670662e+00
8.236374511955947497e+00
8.237307393923531507e+00
8.237516594817261506e+00
8.238732529449656283e+00
8.240792349867467337e+00
8.241233707993735891e+00
8.243198401483617488e+00
8.244100263639051462e+00
8.245377559410355772e+00
8.247392748164864784e+00
8.262144396183973782e+00
8.264646572416765480e+00
8.265304383261105059e+00
8.268526543301023324e+00
8.269245145735693470e+00
8.273397415232803809e+00
8.277548991856860994e+00
8.279905412827867295e+00
8.280096355534533714e+00
8.282314944631755438e+00
8.294270144490893060e+00
8.297702914848914091e+00
8.297749724067521981e+00
8.298604098214832803e+00
8.302359993129007520e+00
8.305602346604841202e+00
8.306210704905424791e+00
8.306448641023516544e+00
8.310777021031581668e+00
8.312421401084767680e+00
8.318805774630114058e+00
8.320822689408048589e+00
8.320918476578274436e+00
8.322060737639823458e+00
8.323037218254333069e+00
8.323746607067400660e+00
8.336659495583623070e+00
8.338635869381528565e+00
8.340575161528880344e+00
8.342692095103721783e+00
8.345107497953339504e+00
8.346999964033544828e+00
8.348354088976817522e+00
8.349592974945785784e+00
8.351946675681775289e+00
8.360785100451982643e+00
8.361301363569518585e+00
8.366316207995721399e+00
8.367343910517057282e+00
8.369892179337311333e+00
8.372421817509353659e+00
8.375205853049836335e+00
8.377630458165823413e+00
8.378158980734848882e+00
8.382598621833025732e+00
8.384494621555852234e+00
8.389213189734425313e+00
8.389654965574147027e+00
8.392846503062493468e+00
8.396028321293785623e+00
8.396056579079603566e+00
8.398008563824257422e+00
8.401771372526082970e+00
8.401944065396360628e+00
8.403604898039748861e+00
8.404181340729378391e+00
8.405204985300706255e+00
8.408291081589178262e+00
8.411032859412701512e+00
8.411366086336421688e+00
8.411704922895262726e+00
8.412074240687708482e+00
8.413501755439044771e+00
8.416096494573253040e+00
8.416173884229468882e+00
8.418929011978612209e+00
8.419793727091009927e+00
8.419830590857669605e+00
8.420978932059590250e+00
8.425118061288957350e+00
8.432897173894508214e+00
8.434747492623653642e+00
8.435442409316236123e+00
8.436569029814064535e+00
8.438217168624959186e+00
8.438741435591829543e+00
8.442595756576480426e+00
8.443086766630425899e+00
8.449690421601388834e+00
8.449811060549668795e+00
8.451568041236441786e+00
8.454866221775978019e+00
8.454930607737509263e+00
8.457067021872035184e+00
8.458173722189233246e+00
8.459998269890082412e+00
8.461334111102877031e+00
8.463930588744126737e+00
8.469275799370221236e+00
8.471674105274242805e+00
8.476162737183818408e+00
8.476409104415486340e+00
8.479225739173445575e+00
8.487274154990734232e+00
8.488928074772516652e+00
8.489222704848295109e+00
8.493948630018277157e+00
8.494821449490839171e+00
8.495672536364617500e+00
8.496826796779782143e+00
8.497984075568192353e+00
8.500240896071963093e+00
8.500270858956737285e+00
8.503470675077391405e+00
8.504829576389253631e+00
8.504873071847882215e+00
8.505341942694004231e+00
8.510452064859528321e+00
8.511367756529908846e+00
8.512777121771781808e+00
8.514406669958740181e+00
8.516567042786226338e+00
8.520512082449142710e+00
8.520701114893039829e+00
8.526535019839190710e+00
8.528614163426015082e+00
8.531612316637914972e+00
8.533398913404713682e+00
8.533606314153011851e+00
8.536094146260339244e+00
8.536910211117046288e+00
8.540182675307640636e+00
8.542514496156774939e+00
8.552029133623848978e+00
8.555716770492168166e+00
8.561383704316792631e+00
8.564795044464499796e+00
8.566011059054989829e+00
8.568938168024601509e+00
8.569901332469022748e+00
8.570261550769364689e+00
8.582929280797044314e+00
8.586671170854021540e+00
8.588066219862559691e+00
8.589353391093800028e+00
8.589502774150622244e+00
8.592564235975146403e+00
8.593936961099105432e+00
8.594064492982456116e+00
8.595380869001731483e+00
8.597249773659202177e+00
8.598343013589916595e+00
8.599133207782539756e+00
8.601149913383972390e+00
8.605837578644923269e+00
8.607503302696766667e+00
8.608486738547627581e+00
8.609023706934419096e+00
8.609919662103488136e+00
8.610248022498790732e+00
8.619537890402995117e+00
8.620106459600632931e+00
8.623548570711049521e+00
8.623985845729309929e+00
8.626298137204683414e+00
8.627522618612136540e+00
8.627853066642737545e+00
8.631320105252031638e+00
8.638100763406185933e+00
8.642843285764552519e+00
8.644154951629168693e+00
8.648968900937495263e+00
8.657438050729185264e+00
8.659186310533311115e+00
8.662170083795571074e+00
8.662218025075635097e+00
8.663335406060019395e+00
8.664471008834849997e+00
8.665364567322223266e+00
8.665797737371404352e+00
8.668871127259402343e+00
8.673529835350230144e+00
8.677750835133881679e+00
8.678808482812899072e+00
8.682603239322620681e+00
8.683174362333334173e+00
8.683454176603405017e+00
8.685517998050510613e+00
8.688176901479868874e+00
8.688291098333341012e+00
8.689616066256505178e+00
8.689904538550269564e+00
8.693144323429349285e+00
8.694594232787848043e+00
8.697206431966460372e+00
8.698060681535530136e+00
8.699932113707292913e+00
8.703688087262635875e+00
8.708497758584632820e+00
8.712602190019429926e+00
8.713034465480907542e+00
8.713180831606672783e+00
8.715646239032718512e+00
8.718236856754144171e+00
8.719229263638885286e+00
8.719679409501789991e+00
8.720007007922474074e+00
8.720910685549787544e+00
8.721393811994646583e+00
8.721640217540951312e+00
8.725669441689811734e+00
8.726048800331318134e+00
8.727221914357476962e+00
8.731269478725504740e+00
8.733093642747089547e+00
8.736198748342978604e+00
8.736277167229919982e+00
8.739032718268031630e+00
8.739261775293327261e+00
8.744041274537462272e+00
8.744152357186893099e+00
8.744283340095929447e+00
8.744919217538505762e+00
8.748570605973965186e+00
8.751592587461567874e+00
8.752803357062717282e+00
8.753741810751513697e+00
8.754314151984161185e+00
8.754456984404026088e+00
8.757867309046487136e+00
8.759939874350738620e+00
8.760873125119664095e+00
8.762230766342595345e+00
8.762820161195456592e+00
8.762934340708071090e+00
8.764468364078728868e+00
8.766655368028876794e+00
8.768534297640954378e+00
8.769530738257975244e+00
8.771733462011019000e+00
8.772097992290792234e+00
8.772784868738581210e+00
8.774036584766314206e+00
8.775333319594503578e+00
8.776390469456313070e+00
8.778573496160323231e+00
8.779541707695507569e+00
8.780131049717766700e+00
8.782278523287271099e+00
8.791596237779895517e+00
8.791876109943306261e+00
8.792166300256475608e+00
8.796121321306468843e+00
8.797712709336284576e+00
8.803271318550397240e+00
8.804701018629002007e+00
8.810232795555531737e+00
8.810470342025460866e+00
8.811739046588547453e+00
8.812052019965406657e+00
8.815116977164151990e+00
8.815997930698179275e+00
8.816019882608522096e+00
8.816804262083691057e+00
8.819617680445745123e+00
8.819995327253192130e+00
8.821257056033406485e+00
8.822350495816206006e+00
8.822827476117327095e+00
8.826742155036958692e+00
8.826782652846434374e+00
8.827238482419671683e+00
8.828481821854477829e+00
8.829835382288342416e+00
8.830247412731861090e+00
8.833389590195151797e+00
8.837531045640993455e+00
8.843136207387512826e+00
8.843373754782039242e+00
8.848472335412683520e+00
8.849230623657890149e+00
8.849269157302817490e+00
8.854252237089886179e+00
8.855241502569947798e+00
8.857235573007351093e+00
8.859478327631133965e+00
8.860205449320288196e+00
8.860307839757940229e+00
8.861678567529938988e+00
8.864242049126056955e+00
8.865376945622411853e+00
8.865904718959640718e+00
8.865979150867493885e+00
8.867268859962390337e+00
8.868251850764895750e+00
8.874155149287316746e+00
8.876383001215200963e+00
8.877734201391616509e+00
8.878810821465625835e+00
8.883371425492184059e+00
8.885053022640219567e+00
8.887383580750556789e+00
8.888017492531636421e+00
8.888127831019934533e+00
8.888580569762210004e+00
8.892093549495612592e+00
8.894766569650785826e+00
8.896956929011341941e+00
8.902850635448292138e+00
8.906728452854141054e+00
8.907586118571639844e+00
8.907763620468768906e+00
8.909329459326986722e+00
8.911700738997657467e+00
8.912086337297804306e+00
8.918931777922818327e+00
8.921124899843910327e+00
8.922961364096190451e+00
8.926055799511404487e+00
8.929073820334732403e+00
8.930117439569713156e+00
8.930778869720228386e+00
8.931880546457605874e+00
8.935736735998375480e+00
8.936188941945951925e+00
8.936976645111366579e+00
8.936993151823621417e+00
8.940606468984297450e+00
8.941635291150630493e+00
8.941912117852369946e+00
8.943576699622367343e+00
8.948841390462213496e+00
8.952167095834496990e+00
8.952288043103989068e+00
8.953063385599577373e+00
8.953344759534415331e+00
8.958303801383303622e+00
8.961258255334552558e+00
8.961300379308513087e+00
8.963802840461656984e+00
8.965199358278876929e+00
8.973780407833240602e+00
8.977254421922229000e+00
8.978692506033988607e+00
8.982976024694890427e+00
8.989575904324876632e+00
8.990652116342978672e+00
8.991157081319697042e+00
8.992183127939863851e+00
8.995680266652996693e+00
8.997477500582169441e+00
8.999506634447893560e+00
9.000008538726582685e+00
9.004552978524538176e+00
9.006171492176525462e+00
9.007215156845751025e+00
9.007719344416313945e+00
9.008374034730076474e+00
9.015050239312435210e+00
9.018279354725033059e+00
9.022526858275128347e+00
9.022962739792264486e+00
9.023336752048395581e+00
9.025802376834000995e+00
9.027806688122913314e+00
9.030223970774683195e+00
9.031926882098177956e+00
9.033287482834539972e+00
9.033769612846613839e+00
9.038392966326656008e+00
9.040109997082195648e+00
9.040266423373701343e+00
9.042368580443502779e+00
9.043976484247023606e+00
9.043988555377097782e+00
9.046567705144976657e+00
9.047967687470416465e+00
9.049803855931216390e+00
9.052099182407825850e+00
9.055139988804496554e+00
9.055358528267909435e+00
9.056553731994878120e+00
9.056742473167428642e+00
9.061062581808380756e+00
9.062746608342271415e+00
9.064277818108012141e+00
9.065855933486604457e+00
9.067338936236053470e+00
9.072833078090008385e+00
9.074246610164365734e+00
9.077519758570300468e+00
9.081688718172733488e+00
9.081882845707962559e+00
9.089428547904036648e+00
9.089566092282975518e+00
9.089756504600044806e+00
9.093415743417541108e+00
9.094959026670458968e+00
9.101623539549871467e+00
9.102713763953325099e+00
9.113694632991888867e+00
9.116580647681658434e+00
9.117441740706516029e+00
9.120883852131973057e+00
9.121183498564674252e+00
9.123889341381381968e+00
9.124444513621348563e+00
9.124826736127065629e+00
9.130867880584448315e+00
9.134153922923486491e+00
9.135908911604790461e+00
9.137039962849948793e+00
9.139644486589237005e+00
9.144561851804585473e+00
9.144799423659154769e+00
9.146212263010054855e+00
9.147318368010472156e+00
9.149374764270721272e+00
9.152665918551154078e+00
9.157499399054865208e+00
9.162745988541940889e+00
9.177579000307058976e+00
9.179482504555819489e+00
9.185706054233818918e+00
9.186171965609611689e+00
9.189940616001811335e+00
9.191568107431349333e+00
9.198242181904802806e+00
9.201083298853706793e+00
9.201116469028100653e+00
9.201369979396975651e+00
9.201392840857192112e+00
9.202104123084037468e+00
9.204912130842402007e+00
9.205072790996986498e+00
9.206573698261767191e+00
9.213543149014894240e+00
9.213603637332699492e+00
9.215367966859011162e+00
9.215855683475087545e+00
9.218118245886030238e+00
9.222371503761429778e+00
9.222803473528681906e+00
9.225032556342084078e+00
9.227191306631677747e+00
9.229097583318411679e+00
9.230961651403278623e+00
9.234694160713910804e+00
9.235597574209164051e+00
9.236091259594592984e+00
9.240090265513222434e+00
9.242702617900398820e+00
9.243536607772851355e+00
9.246549847121009691e+00
9.247015959700588539e+00
9.249061958080581292e+00
9.249416937266627059e+00
9.254224474783690368e+00
9.257335207627400919e+00
9.261836010987682499e+00
9.262510609481022783e+00
9.263044631826721442e+00
9.263986445621833710e+00
9.264600573359212277e+00
9.269613261953969285e+00
9.273733668912102601e+00
9.274127379666778026e+00
9.275461218335012248e+00
9.276611949918704525e+00
9.281630198019353628e+00
9.284028869700698294e+00
9.287434531855037534e+00
9.287741727596824148e+00
9.291880043478982998e+00
9.297807307988332326e+00
9.304665695779137380e+00
9.319579953142547168e+00
9.323232157667307618e+00
9.332339510315849296e+00
9.333942627308687179e+00
9.338458388307465441e+00
9.340259581662504473e+00
9.340980654557515805e+00
9.342648854109159018e+00
9.342808789558388227e+00
9.350604976611109009e+00
9.358012227439456154e+00
9.358547686223786854e+00
9.359911787771773461e+00
9.360521383906691639e+00
9.361632791188466030e+00
9.362366969621156443e+00
9.365844195368737246e+00
9.372066662050261954e+00
9.386239965839450861e+00
9.387007652389860013e+00
9.391236730154380652e+00
9.393801985811865762e+00
9.394127910260852587e+00
9.396028720646363297e+00
9.396349798789328744e+00
9.397229013892916427e+00
9.399833690777388284e+00
9.408208275717385050e+00
9.410115848389608573e+00
9.417029105027594937e+00
9.432653625488866211e+00
9.435137710723273230e+00
9.435455540450737644e+00
9.438238476859206472e+00
9.438367924202701431e+00
9.438654776988283146e+00
9.440277586516451436e+00
9.460914138081939484e+00
9.461532104584501113e+00
9.472102082529250566e+00
9.472344784496421255e+00
9.484847101230370114e+00
9.487837053972791423e+00
9.493224788705385109e+00
9.495915737830669556e+00
9.500535243046787315e+00
9.504119663872955925e+00
9.512093867917334578e+00
9.513928360205804680e+00
9.518350892252147588e+00
9.519195283830335086e+00
9.523179848013926474e+00
9.525297825004853891e+00
9.536106083582348347e+00
9.536515338615142667e+00
9.539517783876537038e+00
9.539621267307030195e+00
9.541640461771182302e+00
9.544428585443093027e+00
9.545411071653724377e+00
9.557091504198691467e+00
9.560089738885110933e+00
9.578054839944227794e+00
9.592673257117786179e+00
9.594955199548561353e+00
9.605404757273820593e+00
9.611650936629311914e+00
9.613721029649934025e+00
9.620979762345582387e+00
9.629606310872899755e+00
9.631928280052253655e+00
9.633730012086987315e+00
9.637127704914172810e+00
9.645998239609662406e+00
9.646416821734899116e+00
9.668429749547227559e+00
9.675986208950845935e+00
9.681231993408106362e+00
9.685404933767729929e+00
9.703347976239824035e+00
9.710205670002396872e+00
9.711535767443340461e+00
9.714222911245483871e+00
